-0.3612711695022881
1.9404434712487273
-2.1500219728332013
0.37869565188884735
-1.8923799640033394
-1.070478712208569
-1.8161304369568825
-0.38459813001099974
-1.30706782406196
-1.1112927785143256
0.2481752373278141
-1.3965109458658844
-0.08347091730684042
-1.0238406918942928
-1.816046142950654
-1.321761030703783
-1.4275068226270378
-1.408226139843464
-1.4434272709768265
-1.739040275104344
-0.5824101429898292
-1.2836035415530205
-1.754666242748499
-0.597052838653326
-1.3349243076518178
-0.5026152729988098
-1.5754350367933512
-1.324859483167529
-1.5093235038220882
-1.215260012075305
-1.0139795024879277
-0.1441260762512684
0.22036966891027987
-1.6198334842920303
-0.6817800663411617
-1.8200862687081099
-0.5680241985246539
-0.9081490505486727
-0.6214079968631268
-1.5829376839101315
-1.9419293738901615
-0.690747579355957
-1.005506334360689
-1.6475129327736795
-1.0685104057192802
-1.4922289997339249
-1.71006427006796
-0.7611327534541488
-1.007550812792033
-0.8505753092467785
-1.9489709958434105
-1.1750726513564587
-1.287465681321919
-2.0753542743623257
-1.4485487309284508
-1.0860194333363324
-0.5182469096034765
-1.3128078281879425
-1.5006326450966299
0.5749799000332132
-1.6648029088974
-1.577505860477686
-1.5678223222494125
-1.4581573875620961
-1.7202830943278968
-1.777266037184745
-1.1303507732227445
-1.9923894628882408
-0.34924567490816116
-0.7719366895034909
-0.650609266012907
-1.4217586815357208
0.10232238750904799
