0.43729761998573335
1.0
0.0
0.6181980166537254
0.06298598835558371
0.2639169736017479
0.08162678317192287
0.4315948556359059
0.2060778071089256
0.25393911976978206
0.5862895660518826
0.1842115615614096
0.5052117133800115
0.27531861504129407
0.08164739060826008
0.20248574482587142
0.17663396991936356
0.18134753688311073
0.1727418826819998
0.100473088783445
0.38323556359860894
0.21181414269950918
0.09665299352588388
0.3796558497827443
0.19926770591856827
0.40274309179603357
0.14046981789594642
0.20172826318812068
0.1566321676028515
0.22852215072744514
0.27772938944855186
0.4903832886509422
0.579491912142408
0.12961568696497505
0.3589425033809507
0.08065969719960385
0.3867525092034151
0.303601861270156
0.37370172095737125
0.13863563857837388
0.05087259672224036
0.356750206896019
0.2798008329659388
0.12284886571687097
0.26439816737204036
0.16081127736966194
0.107556880452754
0.3395430760547049
0.27930101736810703
0.31767696888051156
0.0491511246674069
0.2383467932450807
0.2108699616957346
0.01825408367131046
0.1714898344685052
0.2601177186415947
0.3989216106422733
0.2046745428094344
0.15875683014902514
0.6661838145605014
0.11862196871454193
0.1399635616489145
0.14233090550272542
0.16914079698976373
0.10505867471073474
0.09112800016138951
0.24927999357278854
0.03853657049542434
0.44023750415258905
0.3369018274738195
0.36656285875477557
0.1780392234705538
0.5506327803357766
