0.10370177030563354
0.11052688956260681
0.005317614413797855
-0.08935555815696716
-0.12222034484148026
-0.08305016160011292
0.03581861034035683
-0.0326082780957222
-0.11035433411598206
-0.012926294468343258
-0.1719536930322647
-0.022574493661522865
-0.03038969822227955
-0.0407162606716156
-0.12279859930276871
-0.0528288297355175
0.08619720488786697
-0.03593410924077034
-0.04512137174606323
-0.05851542577147484
0.010561766102910042
-0.04986312612891197
0.01865379512310028
-0.08378778398036957
-0.11483126133680344
0.0618215948343277
-0.04834191873669624
0.008137582801282406
0.03709571436047554
-0.118074432015419
-0.07213430851697922
0.028472598642110825
0.06203632801771164
-0.03780648857355118
0.10559162497520447
-0.04045433551073074
-0.007518666796386242
-0.014282720163464546
0.10181975364685059
-0.08158079534769058
0.00933278352022171
-4.462155338842422E-4
0.12036709487438202
-0.009279932826757431
0.04388091713190079
-0.04004581272602081
0.012767684645950794
0.06697407364845276
0.002608467359095812
-0.05535394325852394
-0.018079325556755066
-0.0939360186457634
-0.20170460641384125
-0.22461049258708954
-0.03056294471025467
-0.07617011666297913
0.06817442923784256
-0.11974740028381348
0.13071905076503754
-0.0010285557946190238
-0.039929334074258804
-0.0910089910030365
0.12478677928447723
-0.03923477604985237
-0.00961980689316988
0.024750573560595512
-0.10694380104541779
-0.09819968044757843
-0.14151106774806976
0.03526460751891136
0.03074061870574951
0.25323137640953064
0.052102357149124146
