0.01220046728849411
0.9778317213058472
-0.9707483053207397
0.5530231595039368
-0.9419385194778442
-0.6051948070526123
-0.9517250061035156
-0.040735434740781784
-0.9809601902961731
-0.9661921262741089
-0.12045225501060486
-0.8972025513648987
0.4835999608039856
-0.8873407244682312
-0.8930054903030396
-0.8996549844741821
-0.9847637414932251
-0.9850177764892578
-0.9113491773605347
-0.9788446426391602
0.038168955594301224
-0.9919487237930298
-0.9045836329460144
0.030611496418714523
-0.9626299142837524
-0.3809245824813843
-0.9300302267074585
-0.8068685531616211
-0.9377802610397339
-0.9264993667602539
-0.8114315867424011
-0.8633807897567749
0.11143012344837189
-0.8383908271789551
-0.6542936563491821
-0.9922499060630798
-0.07532702386379242
-0.6554672718048096
-0.9618747234344482
-0.8524124622344971
-0.9774394631385803
0.07032272219657898
-0.9455408453941345
-0.8882600665092468
-0.9763742685317993
-0.9552274346351624
-0.9566872119903564
-0.23808260262012482
-0.9194530248641968
-0.9603749513626099
-0.8278580904006958
-0.9339223504066467
-0.6043995022773743
-0.9738758206367493
-0.9221031069755554
-0.9665140509605408
-0.0124750267714262
-0.8267143964767456
-0.9637753367424011
0.5881950259208679
-0.7558907866477966
-0.8874495625495911
-0.9701628088951111
-0.6946747899055481
-0.9530646204948425
-0.9637620449066162
-0.28520694375038147
-0.9041661024093628
0.731213390827179
-0.03831508010625839
-0.04279298707842827
-0.8469552397727966
0.31628984212875366
