-0.3439672593958676
1.8429165824200027
-2.794323438545689
0.46343511482700706
-1.7214027777081355
-0.853391551412642
-1.4168781042099
0.027568457066081464
-1.0242560310289264
-0.8925518803298473
0.17236359231173992
-1.4802634513471276
-0.09580251853913069
-0.7583735808730125
-1.9011110512074083
-1.2445311453193426
-1.365562270861119
-1.185318783391267
-1.4281823474448174
-1.31707074935548
-0.7002949616871774
-1.290525121614337
-1.575547605752945
-0.15986663941293955
-1.0009082787728403
-0.29152170568704605
-1.4311611881130375
-1.1917506800964475
-1.7933768890798092
-0.6572251785546541
-0.5217787832953036
-0.23238554783165455
0.39811814785934985
-1.3140284353867173
-0.6692239069379866
-1.6753268726170063
-0.12812767922878265
-1.032838565763086
-1.1641883738338947
-1.2140735164284706
-1.742450563237071
-0.6520255096256733
-1.2878027246333659
-1.9204335177782923
-1.0870293155312538
-1.7390494998544455
-1.8049341584555805
-0.5319359190762043
-0.9594514528289437
-0.7343646883964539
-1.9019295256584883
-0.8212651200592518
-0.8058043932542205
-1.8100978738511913
-0.9802444644737989
-1.2354431741405278
-0.15742337983101606
-1.187366503290832
-1.4019932956434786
0.6258467836305499
-1.191559761762619
-1.5897243386134505
-1.5665853302925825
-1.161680911667645
-1.4502428135601804
-1.5494806994101964
-0.9849746930412948
-1.5634481981396675
0.14078370295464993
-0.9040189413353801
-0.6616845743265003
-2.268093227467034
-0.0809419946745038
