0.5284083135812198
1.0
0.0
0.7025210122063679
0.23137052556837912
0.41855325114891373
0.2970399047942617
0.6085283234970701
0.3817070929074211
0.4101085019575509
0.639752744616317
0.2833711391382567
0.5819239262591802
0.4390434500840644
0.1926172428642742
0.33420575303833566
0.30810593396609104
0.34697463316107396
0.2946021954706534
0.3185629129635984
0.4515678436723308
0.32428735845728135
0.26282353884691473
0.5681087860930113
0.38674193090384296
0.5397179618788509
0.29395982184868164
0.34558762350099587
0.2158496314489746
0.4608556491207868
0.49006405641628503
0.5524704089352956
0.6884357014024524
0.31921897431798335
0.4582681771915607
0.24130658772664842
0.5749531504219354
0.3798563078078022
0.3515313111552771
0.3407738040240876
0.22683166507511693
0.4619769343907906
0.324874431148939
0.18845043966160968
0.3681703158118816
0.22756508913064324
0.2133573581735955
0.48787371566726645
0.3956819093730323
0.44422086000203514
0.19244074252196294
0.4254811718966304
0.42881520824910097
0.21224382612171444
0.3911979897245244
0.33616553323899956
0.5686356640572481
0.3465330515542762
0.30024974696312173
0.7375443597297339
0.3456287941829026
0.25976639002640717
0.26475621332997845
0.35207203411870214
0.28984495495353024
0.2684447502193897
0.39017793716176946
0.2654327218002607
0.6329426831973884
0.407635681712386
0.4598940004349986
0.113479183458153
0.5851285315410807
