-0.5151187181472778
0.9836875200271606
-0.946975588798523
-0.10197227448225021
-0.8749778270721436
-0.37887853384017944
-0.7393150329589844
-0.3846873939037323
-0.005010815802961588
-0.22770126163959503
0.03241433575749397
-0.39992207288742065
-0.3719657361507416
-0.017789099365472794
-0.7367838621139526
-0.28167644143104553
-0.529559850692749
-0.3728126287460327
-0.42184001207351685
-0.8885777592658997
-0.4990193247795105
-0.16974471509456635
-0.5486176013946533
-0.42079901695251465
-0.24921108782291412
0.32845497131347656
-0.4983227550983429
-0.7785652279853821
-0.5541231632232666
-0.3394266664981842
0.04622051119804382
0.5406917929649353
-0.059160538017749786
-0.8203867673873901
-0.27735644578933716
-0.5632832050323486
-0.8320019841194153
-0.2455415427684784
-0.15225301682949066
-0.7370651364326477
-0.9826887249946594
-0.9011147618293762
-0.3650790750980377
-0.7270657420158386
-0.24068669974803925
-0.8301801681518555
-0.727275013923645
-0.6547040343284607
-0.2416696548461914
0.7412288784980774
-0.5342217683792114
-0.40244996547698975
-0.5799683928489685
-0.6934236288070679
-0.38896310329437256
-0.4022269546985626
-0.8291033506393433
-0.8052141070365906
-0.5811785459518433
0.11763332039117813
-0.8618519902229309
-0.5029810667037964
-0.9483417868614197
-0.7594044804573059
-0.8076204061508179
-0.6213383078575134
-0.7472238540649414
-0.7126135230064392
-0.9561411142349243
-0.7392048835754395
-0.4968439042568207
-0.7581856846809387
-0.40662693977355957
