-0.08109205216169357
0.023877723142504692
-0.02904397062957287
0.08038739114999771
-0.039509546011686325
0.08470229804515839
0.02413313463330269
0.0871351808309555
0.11693894863128662
0.15347233414649963
0.08197233825922012
-0.10782849788665771
0.11555618047714233
0.06376121193170547
0.015413118526339531
0.09563525766134262
0.24702011048793793
0.10687307268381119
0.11587274074554443
0.11189571768045425
0.005966959986835718
0.10587309300899506
0.13233010470867157
0.13101837038993835
0.12576721608638763
-0.16010135412216187
0.08747240155935287
0.07230167090892792
-0.24240277707576752
0.12159348279237747
0.1001206710934639
-0.15137054026126862
0.11636952310800552
0.007009225897490978
-0.014271349646151066
0.11556088924407959
0.043324097990989685
-0.09406114369630814
-0.05630093067884445
0.10228222608566284
0.04822952672839165
0.0892258733510971
-0.07608016580343246
-0.002244445262476802
0.06620678305625916
-0.12445488572120667
-0.03739701211452484
0.0016385363414883614
-0.15519121289253235
0.05349627882242203
-0.05461978167295456
0.01955830305814743
0.08467825502157211
-0.15685273706912994
0.12782102823257446
-0.13784760236740112
0.05133085697889328
-0.03695143759250641
-0.013203775510191917
0.003395126201212406
0.017530499026179314
0.12451481819152832
0.03859324753284454
0.0525578111410141
0.22240252792835236
0.06787508726119995
0.06153087317943573
0.05560273304581642
0.023766063153743744
0.030446985736489296
-0.02817675843834877
0.12569855153560638
-0.045735251158475876
