0.1248324066400528
0.08540191501379013
-0.07843981683254242
0.004337753634899855
-0.0014135019155219197
0.057497017085552216
-0.07897605001926422
0.06177700310945511
-0.14849476516246796
0.09353650361299515
0.04999106004834175
0.06383472681045532
0.0668877363204956
0.03620612248778343
0.04966455325484276
0.05160703510046005
0.06535125523805618
0.047185949981212616
0.05582974851131439
0.06294712424278259
0.07873667031526566
0.06056340038776398
0.01848847232758999
0.06866641342639923
0.08758889138698578
0.061323922127485275
0.0698077604174614
0.06018900126218796
0.0603124275803566
0.04653254523873329
0.090336374938488
0.056993268430233
-0.057062819600105286
0.03342621773481369
0.04327521100640297
0.08707433938980103
-0.1015697792172432
-0.06017770618200302
0.07560858875513077
-0.03214555233716965
-0.015508385375142097
-0.12817247211933136
-0.1564432978630066
-0.07072461396455765
0.13328173756599426
0.14563535153865814
0.022686416283249855
0.1569288671016693
0.09698626399040222
0.19793203473091125
-0.016681190580129623
0.13246317207813263
0.10710986703634262
-0.07003066688776016
0.0014211491215974092
0.12089496850967407
0.16168449819087982
0.030614472925662994
0.12517789006233215
-0.043873801827430725
0.13434475660324097
0.14482086896896362
0.06981674581766129
0.008110683411359787
0.030161399394273758
0.13693870604038239
-0.06445175409317017
0.07113640010356903
0.11338704824447632
0.08521086722612381
0.13222257792949677
-0.1575881391763687
-0.16130569577217102
