0.4589212895857726
1.0
0.0
0.667439294704214
0.10523837480629072
0.2729665029202202
0.031194161753802987
0.47144444884487935
0.21972958784622484
0.2702442037444482
0.6557222105815732
0.15068518978219944
0.5255996021111013
0.30355383561344756
0.11416563599981137
0.21846933271696684
0.14408255953655116
0.15689130431143702
0.1792626945794509
0.10161039586756068
0.373731073400348
0.22023750282344157
0.09274793613875935
0.4048140564367894
0.2171055778857703
0.3885877835395198
0.1707656514865345
0.17707792842293815
0.1334209525151747
0.26268710226439507
0.29756484087731333
0.465156028696271
0.5840609566869983
0.1265066433153817
0.33896258416637265
0.075258511013298
0.3988544614874256
0.2977259442114898
0.3181884631713382
0.1534317710427512
0.02013006988661602
0.3571274877047034
0.24889306733173133
0.04588999722449682
0.25956051570854005
0.1057591097917879
0.0790131723249782
0.3325296233841294
0.2289825046960143
0.34344587301230917
0.00894450837581185
0.23037421729565527
0.2918588659641761
0.05237157163719031
0.1780475906364555
0.29801495795494576
0.38978963263057104
0.22991134530900287
0.11525280619720019
0.7132117800655539
0.119825228962734
0.14417979770794215
0.11866729326278835
0.1594125734551872
0.09303360805956257
0.12739887977797765
0.2822905936279836
0.07946051419810235
0.4614100875335781
0.31206231211251856
0.40194836771444625
0.06226509030441316
0.5555710166383425
