0.1529715210199356
0.004227978643029928
-0.1263083815574646
0.04559672623872757
0.0875336229801178
-0.1799067109823227
0.05111771449446678
0.04951140657067299
0.007773003075271845
0.0954899862408638
-0.030484264716506004
0.040610093623399734
-0.06450251489877701
0.05346420407295227
-0.13231492042541504
-0.0310263242572546
0.16391001641750336
0.09354884922504425
-0.14474110305309296
-0.025865139439702034
0.001738888444378972
-0.10594819486141205
0.042898863554000854
0.1253320276737213
-0.14393851161003113
-0.046023737639188766
-0.016156313940882683
-0.05380832403898239
-0.0898890569806099
0.03309715539216995
0.0647556334733963
0.027824794873595238
-0.18395453691482544
0.11310239136219025
-0.06504536420106888
0.04755668714642525
0.19881413877010345
-0.029086697846651077
-0.022176451981067657
0.05609506741166115
0.10336051136255264
0.005280253943055868
0.08221743255853653
-0.07224851101636887
-0.00417814776301384
-0.10331036150455475
-0.08397695422172546
-0.025617998093366623
0.27176862955093384
-0.1337348222732544
0.04185829311609268
0.013729222118854523
-0.11381445080041885
-0.005320638418197632
-0.01790635846555233
0.033673569560050964
0.08022106438875198
0.010072554461658001
0.16209706664085388
0.13978134095668793
0.012965930625796318
-0.2283640056848526
-0.07263831049203873
0.08918940275907516
-0.08125124871730804
0.14796030521392822
0.0858079120516777
0.1570875197649002
0.17060066759586334
-0.14572618901729584
-0.005319137126207352
-0.1326412856578827
0.06829585880041122
