-0.017984498292207718
-0.05104585364460945
-0.03448788449168205
0.036300621926784515
-0.2374102771282196
0.09115227311849594
0.06891532242298126
0.19378164410591125
0.0825766921043396
-0.1906503289937973
0.12690387666225433
0.1410028636455536
0.09916968643665314
0.06518351286649704
-0.049843281507492065
0.099818654358387
-0.040886249393224716
-0.09275062382221222
-0.05909890681505203
0.10658732801675797
0.03744859993457794
-0.07906205207109451
-0.052123378962278366
0.15758353471755981
0.02324444055557251
0.19545359909534454
-0.1170419305562973
0.09094516932964325
0.05594516545534134
-0.059116020798683167
0.1777372658252716
-0.0409790463745594
0.16619732975959778
0.17704728245735168
-0.05835820734500885
0.14119768142700195
-0.14891725778579712
0.059606898576021194
-0.1458398401737213
-0.037788230925798416
0.018273383378982544
-0.031244823709130287
0.07500879466533661
-0.04398057982325554
0.01476118341088295
0.01899689994752407
0.08537085354328156
0.009274697862565517
0.01012381725013256
0.09691926836967468
-0.04408795386552811
0.025713985785841942
0.058710601180791855
0.08644413948059082
0.062318410724401474
0.008011066354811192
-0.07237868756055832
-0.07445189356803894
-0.0035516847856342793
0.049049679189920425
0.09445950388908386
-0.062440354377031326
-0.052208755165338516
0.0547950342297554
-0.187120720744133
0.13777104020118713
0.04152487590909004
0.009025657549500465
-0.07699514180421829
0.18639889359474182
0.015323354862630367
0.02124430611729622
-0.067866250872612
