-0.390620619058609
0.9710075259208679
0.7156716585159302
-0.29603055119514465
0.433643639087677
-0.11713967472314835
0.5286766290664673
0.14940451085567474
-0.24178802967071533
0.2595245838165283
-0.37510547041893005
0.305023729801178
0.11447785794734955
-0.289925754070282
0.30222877860069275
-0.04595938324928284
0.08060899376869202
-0.2847261428833008
0.12823349237442017
0.48247671127319336
0.48881372809410095
0.20996131002902985
0.003875338239595294
0.31065136194229126
0.27884042263031006
0.21013855934143066
0.4016497731208801
0.4223363697528839
0.40852031111717224
0.2618255317211151
-0.14498592913150787
-0.27870607376098633
0.23485243320465088
0.6916877031326294
-0.09035655111074448
0.20698921382427216
0.5211755633354187
-0.5265499949455261
-0.7291988730430603
0.08763078600168228
0.9908376932144165
-0.26315268874168396
-0.1690308302640915
0.4380941689014435
-0.3193261921405792
0.5656144618988037
-0.2657264471054077
0.12614232301712036
0.3266238868236542
-0.46523532271385193
0.07878934592008591
0.23262228071689606
0.06165807694196701
0.4644262492656708
-0.2078469842672348
0.23561403155326843
-0.4173193573951721
0.19908030331134796
-0.7148910164833069
-0.40138593316078186
-0.3454814553260803
-0.6230672597885132
0.7423321008682251
-0.5802825093269348
0.12655633687973022
-0.3956789970397949
0.3669484555721283
0.09201062470674515
0.645690381526947
-0.6117382049560547
0.2109537124633789
0.33573442697525024
-0.0660521611571312
