0.17077656090259552
0.0193466879427433
0.2734961211681366
0.003322670701891184
0.08178915828466415
0.029257487505674362
2.9909537988714874E-4
0.04501557722687721
0.08233612030744553
0.08620816469192505
0.010821429081261158
-0.06061546504497528
0.06080496311187744
0.1473432034254074
-0.03407628461718559
0.04005032405257225
0.16894491016864777
0.03767673671245575
0.06152258440852165
0.056869909167289734
0.07990586012601852
0.03831443563103676
0.036987438797950745
0.031422581523656845
0.07293184101581573
0.07396051287651062
0.010690249502658844
-0.010729588568210602
-0.10751860588788986
0.04906673729419708
0.04202592372894287
-0.07907333970069885
-0.011716414242982864
0.025453809648752213
0.12849406898021698
0.08264409005641937
0.004769256804138422
0.010391691699624062
-0.06817136704921722
0.04298197478055954
0.024413930252194405
0.012180840596556664
0.07104232162237167
-0.1361006647348404
-0.17055365443229675
-0.009048609994351864
0.13272535800933838
0.03320065885782242
0.10490962862968445
-0.06772684305906296
0.07645431905984879
-0.18216419219970703
-0.14799995720386505
-0.030661458149552345
-0.14901214838027954
0.05123697593808174
-0.1593148112297058
0.0795506089925766
-0.0786457434296608
0.015499891713261604
0.09595465660095215
0.025320619344711304
-0.043031733483076096
0.08788874745368958
0.14551737904548645
-0.11094367504119873
-0.06340920180082321
0.08008018881082535
0.11800236999988556
0.1129210963845253
0.13876664638519287
0.03488447144627571
0.020996836945414543
