-0.282460480928421
-0.03521217405796051
-0.06967134028673172
-0.11398010700941086
-0.020080232992768288
-0.08654545992612839
0.16218124330043793
-0.002064998261630535
0.037677373737096786
0.05985242500901222
-0.23720687627792358
0.026502331718802452
-0.05109533295035362
0.05847692862153053
-0.0028308944310992956
-0.15877898037433624
-0.09592995792627335
0.03896245360374451
0.09486394375562668
-0.0021412016358226538
-0.16025418043136597
-0.10940485447645187
0.06839457154273987
0.15090830624103546
-2.529359480831772E-4
0.18329672515392303
3.4302048152312636E-4
0.07627327740192413
-0.0781356543302536
0.0949435904622078
0.07745102047920227
0.11267756670713425
0.1146828755736351
0.13952015340328217
0.047662198543548584
-0.12410305440425873
0.08899354934692383
-0.009653660468757153
-0.21464748680591583
0.16128794848918915
-0.05046508088707924
0.045563872903585434
0.14373551309108734
0.12043565511703491
-0.049535561352968216
-0.04743590205907822
0.06974977254867554
0.1677665412425995
0.009492787532508373
0.055509164929389954
-0.12151730060577393
0.09915623813867569
-0.009958001784980297
-6.39750505797565E-5
0.05267011374235153
-0.04603428393602371
-0.010574066080152988
0.08345172554254532
0.09621843695640564
0.1013941615819931
0.08637367188930511
-0.11117173731327057
-0.06665349006652832
0.16127844154834747
0.0010397477308288217
-0.040574219077825546
0.005408639553934336
0.08270049840211868
0.026482759043574333
-0.017436716705560684
0.015585904940962791
-0.3203775882720947
0.0580853670835495
