0.027833856642246246
-0.15559759736061096
0.06635710597038269
0.0168340764939785
-0.10201490670442581
0.11691069602966309
0.053110767155885696
-0.06717260926961899
-0.08615202456712723
0.049858320504426956
-0.004632424097508192
0.12540501356124878
-0.22329767048358917
0.06846928596496582
0.025445757433772087
0.21898353099822998
0.07710079848766327
-0.025337593629956245
0.029246598482131958
-0.08822343498468399
0.020988829433918
0.032705891877412796
-0.102808877825737
-0.3198338449001312
0.045800529420375824
0.1660831868648529
0.18356890976428986
0.08077676594257355
0.2287319302558899
0.09858699887990952
-0.025259340181946754
0.034361064434051514
0.016352076083421707
0.08653296530246735
-0.026708418503403664
0.02408948354423046
-0.10798800736665726
-0.03936706855893135
0.07036054134368896
-0.057292390614748
0.16167394816875458
-0.00592568377032876
0.07938256859779358
0.0887269675731659
-0.07950612902641296
-0.09101980924606323
-0.10842636972665787
-0.006779680494219065
0.03670762851834297
-0.03207511827349663
-0.10322391241788864
0.022113505750894547
-0.007768587674945593
-9.309254819527268E-4
-0.2352062612771988
0.041685983538627625
0.03363865241408348
0.12988914549350739
0.07560750842094421
-0.030498309060931206
0.061676427721977234
0.057604726403951645
-0.09945814311504364
-0.059158604592084885
0.05824056640267372
0.14055851101875305
0.3072316646575928
0.06885986775159836
0.046984121203422546
0.11052916198968887
-0.031215699389576912
0.012730267830193043
0.15733695030212402
