0.028330972883850336
0.8421818387578242
-0.2046982068568468
-0.32397495955228806
-0.6884771147742867
0.8435198776423931
-0.31795827113091946
0.6821943917311728
-0.8267636504024267
0.49402542412281036
-0.13582597253844142
-0.6083041355013847
0.2039046622812748
-0.7905876133590937
0.25554882921278477
-0.2557800840586424
-0.39461661176756024
-0.4427620302885771
-0.1900103883817792
-0.11414870247244835
0.1449156948365271
-0.14514510612934828
0.057333070784807205
-0.31549830734729767
-0.27520293928682804
0.04753546975553036
-0.04189493786543608
1.0267558535560966
-0.48956119921058416
-0.24848532676696777
-0.5889455664437264
-0.35043681506067514
-0.016353189945220947
0.17348292097449303
0.5641817917348817
-0.18846362503245473
0.09393816720694304
-1.275566902011633
-0.3096413742750883
0.4783658906817436
1.400614121928811
-0.6396677293814719
0.454363324213773
1.104709455743432
0.6131795346736908
0.08282458782196045
-1.0345830037258565
-0.44638168858364224
-0.16420486569404602
0.14248980581760406
-0.39873091876506805
-0.14254277758300304
-0.6874548099003732
-0.25498789467383176
-0.7612845674157143
0.20904749631881714
-0.464015475474298
-0.05422799848020077
-0.4140132828615606
-0.15931322053074837
-0.3506719283759594
-0.22116084396839142
0.8690080344676971
-0.7678850814700127
-0.25547854974865913
-0.6147810642141849
0.32482154946774244
0.6176121180178598
0.3327926993370056
0.1992997359484434
0.9324095081537962
1.1111968578770757
0.07719519920647144
