692.49896
57.038746
45.77904
44.10599
43.064983
34.685207
32.423336
28.708746
27.98238
25.760838
24.7251
23.94982
22.41283
18.493563
17.599863
15.36319
14.570103
12.953366
12.951286
12.878992
11.357426
10.72405
9.858293
8.383874
7.508386
7.0536423
6.6659856
4.7111554
4.238886
4.0849466
4.007317
3.9277322
3.4905603
1.9954691
1.792004
1.0306865
1.0054338
0.98782563
0.9776617
0.96280193
0.84464747
0.83577096
0.80736494
0.78082633
0.78082633
0.6900912
0.5876589
0.55510294
0.4585031
0.45385715
0.41592646
