0.0
0.7224284771066588
0.0
0.0
0.0
0.0
0.2595678278315671
0.3967727334745003
0.07184694872009376
0.0
0.0
0.0
0.0
0.0
0.0
0.0
0.0
0.0
0.0
0.0
0.938358893654574
0.0
0.0
0.0
0.0
0.04305057410524865
0.0
0.0
0.21441261326144354
0.0
0.0
0.0
0.0
0.20868555876494613
0.0
0.0
0.0
0.0
0.0
0.0
0.517856408355393
0.019594037825974
0.0
0.0
1.0
0.003977556241860403
0.17701471367491453
0.0
0.0
0.0
0.0
0.0
0.37820673698930773
0.024752861814118454
0.06983570885634528
0.008206989267307596
0.0
0.3506382115424139
0.0
0.0
0.0
0.0
0.0
0.0
0.0
0.05632758482544179
0.0
0.0
0.0
0.0
0.0
0.0
0.0
0.0
