0.4387847206843804
0.8307057184344467
0.9022597039963076
0.10682601812311268
0.9150993068683982
0.6285462470732988
0.6199999847724164
0.7338608185213015
0.7168624658979782
0.4629145813481427
0.7229763868313736
0.866724371085631
0.4527527934052974
0.6928660726850012
0.12790928325832088
0.5627726161420836
0.8299410233844325
0.8860100586838283
0.7168262087341206
0.6005474721001011
0.9067799210060875
0.7051525198507265
0.2538232881085811
0.6351624709346815
0.6940040051444323
0.5290802642854762
0.9026164967258307
0.7951164051418719
0.6693675004800209
0.5584796172923582
0.553746746697036
0.6605058106408409
0.7076702677849932
0.7387594844454664
0.09142356233052941
0.7561426948834907
0.6134814443351787
0.6343791542552856
0.0
0.012353925192000731
1.0
0.7552740886937945
0.8990232099746498
0.31075136712545803
0.175469350402037
0.9185750966038917
0.6538152231916845
0.8308701364068973
0.6656796288216025
0.21137582548150055
0.7864723493134055
0.8696553704370276
0.6441159596420051
0.5544993705295339
0.6011216937191034
0.7178161108827921
0.6698993318284219
0.7149113221110598
0.07993298945061082
0.2540888215324355
0.46708049301723287
0.07320602205835643
0.9264655867491952
0.6974985894796831
0.6586203944453379
0.5093674682697426
0.6914346221329482
0.6550398450096666
0.8645246215149794
0.6128684832760152
0.5580089746622106
0.5301762826692248
0.5920257223339549
