1.0
0.08181506668408654
0.06554576740303542
0.06312835515779894
0.06162419026782143
0.04951614023062068
0.04624793267403525
0.0408806720709254
0.03983113615572654
0.03662120050879004
0.035124648867143504
0.03400443646136547
0.031783619123685186
0.026120617995116877
0.024829298952907832
0.021597500322388847
0.020451558344959684
0.018115513504024343
0.01811250808429983
0.018008049520086493
0.01580951852559411
0.014894345100867477
0.013643401271813238
0.011512993606047534
0.010247989325387907
0.009590924091937536
0.009030793758995927
0.006206233546905396
0.005523845195923368
0.005301416104991026
0.005189248061218986
0.005074254922905908
0.004442579417491668
0.0022823022144043185
0.0019883127794093907
8.88274975988801E-4
8.51787013163253E-4
8.263447336293446E-4
8.116587356963919E-4
7.901876559561586E-4
6.194647018105543E-4
6.066389141957406E-4
5.655946772713021E-4
5.272486859467421E-4
5.272486859467421E-4
3.961442871928954E-4
2.481384915933999E-4
2.010979510480315E-4
6.151955464392874E-5
5.480655956263625E-5
0.0
1.0 Chess ODP(<http://purl.org/NET/rdfchess/ontology/>) 
1.0 Chess ODP(<http://purl.org/NET/rdfchess/ontology/>) 
0.08181506668408654 ParticipantRole ODP(<https://archive.org/services/purl/domain/modular_ontology_design_library/participantrole>)
0.06554576740303542 AgentRole ODP(<https://archive.org/services/purl/domain/modular_ontology_design_library/agentrole>)
0.06312835515779894 Event ODP(<http://w3id.org/daselab/onto/event>) 
0.06162419026782143 Event MODL ODP<https://archive.org/services/purl/domain/modular_ontology_design_library/event>)
