0.41668141684085064
1.0
0.0
0.6642276347403557
0.11522116368038611
0.2710864824778024
0.03781134468862177
0.4684277427245
0.22441820669283136
0.272553030273286
0.6525756164997728
0.15731836769812904
0.5278198435236784
0.29883214792353235
0.1247349515597835
0.220567767983632
0.1502654109599158
0.18209828541580594
0.18259013131639387
0.10622626424043194
0.37877779379597204
0.2234981210745698
0.09935329123695712
0.4059826476593363
0.2203089240152689
0.3910775694003603
0.17644321830858603
0.1821315644304642
0.14246529686803383
0.2591865474853537
0.2922690531798157
0.4693773438582429
0.6136207976641199
0.12745290710435941
0.3133895942149987
0.08146789902818462
0.3986602786093768
0.3024832296766897
0.32453242693311246
0.16199175125806067
0.03318764105716591
0.3605294644460532
0.2564956149865044
0.0864480853861471
0.2758585607158705
0.17484993044984617
0.08972700414907438
0.31337495515834907
0.2669974277408789
0.33560587686057985
0.021615792723379833
0.23369933274967883
0.2975821990765211
0.06608444362275571
0.16805229676528455
0.30276338956733934
0.3920552356059428
0.24532888407988987
0.12718022834587858
0.7283364226453828
0.13070793756682064
0.16496428390533432
0.12354973622099022
0.20227216852650945
0.09439854370967048
0.13307161829070677
0.28568218188233824
0.08582477667952035
0.4635193956041135
0.3283170605332266
0.3923292351914181
0.07324117510627377
0.534964646642079
