0.0756199061870575
-7.405689102597535E-4
-0.17820267379283905
0.05330953747034073
0.16259709000587463
0.04932289943099022
-0.21546684205532074
0.018546218052506447
-0.06766489148139954
0.10053733736276627
0.17415088415145874
0.06313583999872208
0.05588185414671898
-0.05182318016886711
0.019234202802181244
0.00450483150780201
-0.007368304301053286
0.0543697364628315
0.027003422379493713
0.04663936048746109
0.15874101221561432
-0.03736913204193115
-0.04765477776527405
0.12835468351840973
0.08908330649137497
0.02407628856599331
-0.029364706948399544
0.013239509426057339
0.04872798174619675
-0.06756173819303513
-5.216940771788359E-4
0.06576079875230789
0.030429499223828316
0.03610192611813545
0.001867920276708901
0.02142256312072277
0.09655986726284027
-0.10716519504785538
-0.016803238540887833
-0.031032297760248184
0.07098786532878876
-0.062399279326200485
-0.04031429439783096
0.03294115513563156
0.15785132348537445
0.1138484999537468
0.023352527990937233
0.05182567983865738
0.10485228896141052
-0.1866658329963684
-0.05709027498960495
0.11910780519247055
0.08977283537387848
0.03627501428127289
-0.14972130954265594
0.06861834228038788
0.1374775767326355
-0.01658347062766552
-0.005059243645519018
0.030438663437962532
0.012565292418003082
-0.11492229998111725
0.1148315891623497
-0.12439874559640884
-0.0711713582277298
0.025162620469927788
0.127320796251297
0.06808960437774658
0.11868004500865936
-0.05939218029379845
0.1508662849664688
0.05076310783624649
-0.014616182073950768
