0.03306886926293373
-0.10354536026716232
-0.07834787666797638
0.046326324343681335
-0.002364770509302616
-0.05755292624235153
0.010256493464112282
0.005405821371823549
-0.19144807755947113
0.2128543108701706
0.1192188486456871
-0.05615837872028351
-0.19790059328079224
-0.16787998378276825
-0.10492394119501114
-0.03757873550057411
0.07515743374824524
0.1899518221616745
-0.007482369430363178
0.022218268364667892
-0.22357849776744843
0.038988612592220306
-0.04101105406880379
0.058175649493932724
0.021267777308821678
-0.16198411583900452
-0.05906377732753754
0.08077424764633179
-0.15524806082248688
0.0980197861790657
0.029106423258781433
-0.013886545784771442
0.04307318106293678
0.040984753519296646
0.04268545284867287
-0.11465159058570862
0.009562107734382153
-0.0839451253414154
0.22441069781780243
-0.1489304155111313
-0.17115354537963867
0.040120452642440796
0.007734047714620829
0.04306337609887123
0.051787443459033966
0.07399237155914307
-0.005777213256806135
0.049778420478105545
-0.031577084213495255
-0.1627551168203354
-0.1467297226190567
0.04090297222137451
-0.015647772699594498
-0.11204855889081955
0.07432573288679123
0.337031751871109
-0.08070830255746841
0.1751098334789276
-0.09823457896709442
0.0814773291349411
-0.047771621495485306
-0.12981638312339783
0.23928821086883545
0.04267442971467972
0.08169475197792053
-0.15572182834148407
-0.012149748392403126
-0.12823490798473358
-0.07039502263069153
-0.03522009775042534
-0.24370761215686798
-0.08062273263931274
0.01637323945760727
