1,2 3,4 3,2
1,2 1,3 1,4 5,6 5,7 5,8 5,9 5,9
1,13 1,14 2,3 2,owl:Thing 4,15 5,16 4,3 6,7 8,5 9,10 11,12 9,12 6,17 11,10 8,7
1,11 owl:Thing,3 1,2 4,5 6,7 6,5 4,7 9,3 8,10 
2,3 1,4 1,5 
1,2
1,2
1,2
1,2
1,2 3,4 1,4 3,2 
6,1 7,1 2,3 4,3 2,5 4,5
1,2 3,2 6,4 7,3 8,4 9,1 10,5 11,5 
1,2 3,2 1,4 3,4 
1,2 82,3 4,2 5,6 7,6 8,9 10,9 11,12 13,12 14,15 16,15 17,18 19,20 21,18 22,3 23,20 24,25 26,25 27,28 29,30 31,30 32,33 34,33 35,36 37,36 38,83 39,40 41,17 42,43 22,44 45,46 41,47 40,48 42,49 48,50 51,52 53,54 52,55 56,57 51,56 53,58 59,60 61,62 61,63 59,64 65,66 84,45 ,67 68,69 28,70 65,71 72,73 21,74 72,75 76,77 78,79 68,80 85,81 78,63 32,54 16,71 7,49 37,43 31,55 14,62 35,64 19,75 34,79 76,80 86,47 10,39 1,74 8,46 87,44 26,77 13,69 88,67 89,70 38,57 4,50 29,60 5,73 11,81 24,66 23,58 
0
2,1 3,1 4,5 
1,owl:Thing 1,14 2,3 4,15 2,3 5,4 6,7 8,9 10,9 11,7 5,12 11,13 8,12 10,16 6,13 
1,8 2,3 1,9 2,3 4,10 5, 6,4 7,5 6,11 7,12 
1,13 2,3 4,2 3,5 14,6 7,6 15,5 7,8 9,10 8,4 11,12 9,16 17,12 11,18 19,10 
1,2 3,2 4,5 24,25 6,5 26,7 8,7 27,9 10,9 11,12 13,12 14,15 16,15 17,18 19,18 20,21 22,21 6,28 20,23 10,29 11,1 16,30 17,23 22,31 14,32 13,33 19,34 8,3 4,35 
6,7 1,8 2,3 4,3 1,5 2,5 4,9 
1,13 2,14 3,1 4,2 5,6 7,6 8,9 10,11 8,11 10,9 4,12 7,12 5,15 3,16 
1,9 1,2 10,3 4,2 11,3 4,12 13, 5,6 7,8 5,8 7,6 
1,15 2,16 3,17 2,4 3,18 19,4 20,6 1,21 5,6 7,22 8,23 9,10 8,24 10,25 7,26 11,12 9,27 12,13 14,11 28,14 13, 29,30 
1,5 2,3 4,1 2,6 4,3 
1,2 3,2 1,4 3,4 
1,2 3,2 4,5 6,5 7,8 9,8 10,31 11,12 13,14 15,14 16,17 18,17 19,20 21,20 22,23 24,23 25,26 27,26 28,29 30,29 24,12 22,11 27,1 19,32 28,6 33,7 13,10 15,4 16,34 21,3 25,35 18,36 30,9 
1,58 2,3 4,1 5,6 3,7 8,5 10,8 11,12 59,6 11,13 14,2 15,16 14,17 15,17 18,16 19,12 60,13 61,20 19,21 22,9 22,23 18,24 25,26 27,28 20,25 26,ObjectExactCardinality0 29,24 30,31 23,32 33,34 30,32 27,35 34,36 21,33 31,36 37,62 38, 39,37 35,40 41,42 28,39 29,42 43,44 45,46 47,46 4,44 48,38 7,40 49,50 10,51 52,53 49,51 63,50 64,53 47,54 45,54 65,55 48,56 66,55 41,67 52,68 43,57 69,56 70,57 
1,8 2,3 2,9 1,3 4,5 6,7 4,7 6,5 
1,2
1,2 5,2 6,1 3,4 7,4 3,8 
1,12 2,3 1,4 13,5 3,6 4,14 5,7 2,15 6,7 8,9 10,11 8,11 10,9 
1,26 2,27 3,4 1,28 2,4 5,29 6,7 8,9 3,9 5,30 31,7 10,32 8,11 33,34 12,35 13,36 owl:Thing,11 13,37 10,14 14,16 39,15 ,17 6,18 19,20 19,21 16,22 12,23 24,23 40,18 41,22 24,17 25,21 25,20 
1,7 1,8 9,2 4,owl:Thing 2,5 6,4 3,5 10,11 
1,2 3,4 5,1 2,6 4,5 16,8 9,7 8,9 10,18 11,12 6,10 3,19 13,14 13,15 11,15 20,12 21,14 
1,22 1,2 3,23 3,2 4,5 6,5 7,8 9,10 11,8 12,13 14,15 16,13 17,18 11,18 9,19 14,19 12,20 17,20 16,10 4,21 7,15 6,21
1,2 29,3 4,5 30,1 31,6 owl:Thing,4 6,2 33,7 8,7 9,10 3,8 35,9 11,12 36,37 11,12 ObjectMinCardinality3,38 5, 13,14 15,14 16,17 18,17 19,20 21,20 22,23 24,25 24,26 19,23 18,25 22,26 16,27 15,28 21,27 13,28 
1,13 2,3 1,14 2,owl:Thing 4,15 5,16 4,3 6,5 7,8 9,10 11,12 9,8 6,10 11,17 7,12 
1,2 3,2 4,5 1,5 3,6 4,7
2 3,4 41,2 3,5 42,6 7,4 5,43 8,7 9,1 10,11 44,12 11,45 9,13 14,15 10,13 14,16 12,17 18,19 20,17 20,46 21,22 23,47 22,18 24,19 23,24 25,48 21,26 25,27 49,28 26,50 28,15 29,30 31,31 51,6 30,52 29,32 53,32 33,34 54,35 33,27 55,36 37,34 16,56 37,36 57,38 39,38 58,39 40, 59,40 60,8 61,35 
1,2 121,3 122,4 123,5 6,7 4,8 124,9 10,11 125,12 126,13 127,14 15,16 11,17 13,18 7,18 19,20 128,21 129,14 22,23 130,24 131,12 132,25 133,25 134,26 135,27 136,27 21,8 28,29 137,24 9,29 138,30 139,31 140,32 33,1 34,35 141,36 142,37 38,39 40,23 41,42 5,42 143,43 144,30 145,43 146,26 147,28 148,41 149,10 44,45 150,46 47,45 48,44 151,49 3,50 2,17 152,36 51,19 52,46 39,16 153,47 154,53 155,53 31,50 156,54 157,55 158,51 37,49 159,160 161,48 162,163 164,56 165,22 57,58 166,32 167,59 168,60 61,58 62,63 169,54 170,64 65,171 172,60 66,20 67,64 68,65 69,70 71,72 73,74 75,70 76,77 78,79 80,77 81,72 82,83 173,57 84,40 85,74 86,52 87,35 88,83 89,33 90,79 91,92 174,63 175,93 94,92 95,96 97,98 99,100 176,93 101,6 102,55 103,104 177,100 178,105 106,107 108,34 109,107 110,111 112,113 114,113 73,59 95,115 101,104 109,115 89,105 69,179 81,116 106,180 181,61 85,98 87,182 68,117 108,38 90,117 112,116 110,183 82,118 84,184 102,111 99,118 94,185 88,119 76,96 97,186 86,56 80,15 71,119 67,187 103,188 114,120 66,62 91,120 75,189 78,190 
1,2 1,3 1,4 5,6 5,7
1,2 2,3 2,4 2,5 2,6
1,2 3,4 5,6 7,6 7,8 9,8 10,4 11,2 12,11 13,13 14,15 16,14 17,17 18,15 12,18 19,19 20,21 9,22 23,24 24,21 25,26 10,27 27,22 16,28 28,29 29,30 31,26 25,32 33,32 34,30 35,36 37,35 38,38 39,36 23,39 40,40 41,42 43,44 37,44 41,45 3,46 20,42 47,48 1,49 33,45 43,46 50,49 51,52 53,50 54,55 51,55 56,57 34,54 58,52 59,58 60,60 61,62 63,61 64,64 65,65 66,66 5,67 111,62 68,69 48,owl:Thing 70,67 112,71 68,69 31,72 70,71 73,74 73,47 113,75 114,74 115,57 56,75 53,76 76,77 78,79 63,80 80,77 78,81 82,81 83,84 84,79 59,85 85,86 86,87 88,89 89,90 90,91 91,92 116,72 117,93 82,87 94,92 95,93 96,97 88,95 98,99 96,97 94,98 100,99 101,102 101,102 83,100 103,104 118,103 105,105 106,104 119,106 107,107 108,108 109,109 110,110 120,121 122,123 
1,2 1,3 2,4 2,5 2,6 2,7 3,8 3,9 3,10
1,2 2,3 2,4 2,5 2,6 5,7 5,8 5,9
1,2 3,4 3,5 4,6
1,2 2,3 3,4 4,5 4,6 4,7
1,2 1,3 1,4 2,5 2,6 2,7
1,2 2,3 2,4 4,5 4,6
1,2 1,3 1,4 1,5 2,6 2,7 2,8 3,9 3,10
1,2 1,3 4,5 6,7 7,8 2,9 2,10
1,2 1,3 3,4 4,5
1,2 1,3 2,4 2,5 5,6 5,7 5,8 3,9 9,10 9,11
1,2 3,4 5,6 2,owl:Thing 3,7 8,9 10,7 5,9 8,6 16,1 4,17 11,18 12,13 10,11 19,14 13,20 15,14 15,12 
1,2 3,10 4,5 11,6 3,2 4,7 7,6 8,9 8,12 1,5 9,owl:Thing 13,14 
1,2 11,3 4,5 12,6 4,13 6,7 1,8 2,14 15,7 8,16 3,9 17,18 9,10 5,19 
1,4 1,5 2,3 6,2 3,7 
1,9 2,3 1,10 4,3 11,5 6,2 12,4 6,5 13,8 ,7 14,8 
1,2
1,2
1,2
1,2
1,2
1,2
1,2 1,3
1,2 3,2 1,4 21,5 6,6 7,8 22,8 7,4 23,9 9,10 11,24 12,13 13,3 10,25 14,5 14,15 15,16 26,17 17,16 11,27 18,12 18,19 20,28 19,20 
1,2 13,3 4,3 2,14 5,4 15,6 16,7 8,5 6,17 18,8 19,9 20,21 10,7 9,22 1,10 23,11 24,12 ,12 11,25 
1,2
1,2 1,3
1,2
1,2 1,3
1,1