-0.01947806216776371
-0.009461565874516964
0.042781151831150055
0.03723752498626709
0.043167080730199814
0.045035719871520996
-0.02521965466439724
0.146302729845047
0.030522994697093964
0.11259282380342484
0.07081370055675507
-0.09993795305490494
0.05283072218298912
0.09935829788446426
0.11209535598754883
0.06971734017133713
0.045941971242427826
0.05066990479826927
0.05231644585728645
0.039764706045389175
0.007473401725292206
0.04555550590157509
0.14621396362781525
0.046805791556835175
0.04463084042072296
0.0299435593187809
0.14083708822727203
-0.01743505895137787
0.02735021524131298
0.07074522227048874
0.03893911466002464
-0.05515619367361069
0.14299547672271729
0.04121285304427147
-0.06715528666973114
0.039295442402362823
0.0676092877984047
0.0638229176402092
-0.05737816169857979
0.05053916946053505
-0.029947061091661453
0.022165704518556595
0.009636489674448967
-0.07322273403406143
0.06688349694013596
0.11513040959835052
0.023456836119294167
0.013108775950968266
-0.01337592676281929
0.057523004710674286
0.07146093249320984
-0.0963437631726265
0.061878643929958344
0.056548453867435455
0.028053393587470055
0.05712045729160309
0.043071307241916656
0.08593738079071045
0.07814351469278336
0.17392364144325256
0.027799762785434723
0.0058824485167860985
0.07594204694032669
0.07553676515817642
-0.04406183585524559
0.270266056060791
0.025045139715075493
0.0906476080417633
0.03687307983636856
0.09036354720592499
0.03926856070756912
-0.03388117998838425
-0.0029838576447218657
