0.05399515852332115
0.029137497767806053
0.05339778587222099
0.03185248374938965
0.11820297688245773
-0.05715767294168472
-0.03419673442840576
-0.022505106404423714
-0.01577477902173996
-0.008044470101594925
6.537247099913657E-4
0.02963242307305336
0.004207330290228128
-0.007333412766456604
0.009549674578011036
0.002199172042310238
-0.004048192873597145
-0.025761274620890617
5.285571678541601E-4
-0.0031882598996162415
0.00688675744459033
0.002623247681185603
-0.04370708391070366
-0.005815428216010332
-0.022565240040421486
0.003958345390856266
0.01676836796104908
0.003178803948685527
0.016770033165812492
-0.019624054431915283
-0.013846984133124352
0.003274396527558565
0.03800276666879654
-0.020164553076028824
0.02032889612019062
-3.8625072920694947E-4
-0.007999780587852001
-0.04678495600819588
-0.010037587024271488
0.024842839688062668
0.05177086591720581
0.01819569431245327
0.05965433642268181
-0.009800688363611698
0.06461019814014435
-0.03866265341639519
-0.009064819663763046
-0.019257251173257828
0.008001597598195076
-0.00966175552457571
-0.11523911356925964
0.03179275244474411
0.12789714336395264
-0.00665754359215498
-0.012353310361504555
0.07699556648731232
0.016636524349451065
0.006892449222505093
-0.008836348541080952
0.03779454901814461
0.04881822690367699
0.06625843793153763
0.040431827306747437
0.07485717535018921
0.06454508006572723
-0.007265985943377018
0.055862314999103546
0.07984939217567444
-0.07651621848344803
-0.05901255086064339
0.11643881350755692
-0.06400773674249649
-0.015352067537605762
