-0.02659641019999981
0.7755001783370972
0.4836471974849701
-0.1995423585176468
0.09630396217107773
0.10281963646411896
0.328326940536499
0.26931262016296387
-0.06794288754463196
0.06696011126041412
-0.08386430889368057
0.06680752336978912
0.10595973581075668
-0.22658079862594604
-0.03140797093510628
-0.14950698614120483
-0.04635442793369293
-0.2085525244474411
0.07517794519662857
0.2628781199455261
0.04309835657477379
0.13306529819965363
-0.03254259005188942
0.2008020281791687
0.06824338436126709
0.03741883859038353
0.14632105827331543
0.4163314700126648
-0.010576010681688786
0.03381212055683136
-0.21102650463581085
0.044567275792360306
0.24723653495311737
0.3367437422275543
-0.09707412868738174
0.20238564908504486
0.38606226444244385
-0.3455042839050293
-0.5689367055892944
0.13136930763721466
0.9515941143035889
-0.36545315384864807
0.031066803261637688
0.15038332343101501
-0.05167551711201668
0.24366356432437897
-0.3268696963787079
-0.06904522329568863
0.14238637685775757
-0.12146514654159546
0.3803797662258148
0.11962071806192398
-0.11652126908302307
0.12982159852981567
-0.11201172322034836
0.280663400888443
0.023620249703526497
0.05354929715394974
-0.47250625491142273
-0.27052903175354004
-0.02119961753487587
-0.4681270122528076
0.4154280126094818
-0.21863910555839539
-0.04143378883600235
-0.37111562490463257
0.39038240909576416
-0.0012532974360510707
0.43721428513526917
-0.15186697244644165
0.2137337177991867
0.4230244755744934
-0.13054810464382172
