-0.028982767835259438
0.4234248399734497
-0.5378130674362183
-0.4888635575771332
-0.529697597026825
0.40367504954338074
-0.645404577255249
0.36602461338043213
-0.5515527725219727
-0.2085290551185608
-0.47481685876846313
-0.4918193519115448
0.09962187707424164
-0.533505380153656
0.5281214714050293
-0.5136111378669739
-0.5537856221199036
-0.48703500628471375
-0.5457597970962524
-0.5627905130386353
-0.007484120782464743
-0.4951808452606201
0.4712707996368408
-0.5257973670959473
-0.5033536553382874
-0.041769348084926605
-0.505863606929779
0.28861093521118164
-0.5199898481369019
-0.4198533296585083
-0.4778043031692505
-0.5357925295829773
-0.537588357925415
-0.47644418478012085
0.5739014744758606
-0.5021112561225891
-0.34091272950172424
-0.45559942722320557
0.017988795414566994
0.5488440990447998
0.23818214237689972
-0.539384663105011
0.19194041192531586
0.7176492810249329
0.5132465362548828
-0.5358098149299622
-0.578714907169342
-0.5590041279792786
-0.561222493648529
0.5608447194099426
-0.5025377869606018
-0.5299347639083862
-0.4272920489311218
-0.428986519575119
-0.5309167504310608
-0.5335476994514465
-0.5599640607833862
-0.4550328552722931
0.4354954659938812
-0.11033865064382553
-0.44092100858688354
0.2892570495605469
0.03318759799003601
-0.49352017045021057
-0.3721112012863159
-0.3458748161792755
-0.4351842999458313
0.5512344241142273
-0.3160935342311859
0.23031936585903168
0.4791237413883209
0.4989478886127472
0.41228538751602173
