-0.04867327958345413
-0.10086934268474579
0.014150768518447876
0.04963033273816109
-0.12640617787837982
0.022520743310451508
0.05204617604613304
-0.13115593791007996
-0.027845336124300957
0.0157921202480793
0.060637012124061584
-0.06832252442836761
0.1664634495973587
0.006546409800648689
0.0450446754693985
0.044133592396974564
0.1485605537891388
-0.11523811519145966
0.01935315877199173
0.03278084844350815
-0.049177926033735275
0.011310250498354435
0.0502922497689724
-0.03700293228030205
-0.19212599098682404
-0.05978584662079811
0.012865385971963406
0.0997789204120636
-0.10875581204891205
-0.10582217574119568
-0.051811859011650085
0.19799746572971344
-0.024097660556435585
-0.0010992847383022308
0.12048748135566711
-0.006302379537373781
-0.17661868035793304
-0.07829469442367554
0.03049834445118904
-0.13872388005256653
0.11836777627468109
0.10416734218597412
0.08266305178403854
0.05697493627667427
-0.03136921301484108
0.22138077020645142
0.09580618143081665
-0.0073268357664346695
-0.09816776216030121
0.10034620761871338
0.1230887621641159
0.028714781627058983
-0.126438707113266
0.0028567672707140446
0.10409638285636902
-0.08671291172504425
0.01518577616661787
0.0798768624663353
-0.18438734114170074
0.0773378536105156
0.032157573848962784
-0.04599451646208763
0.08686607331037521
-0.04431046172976494
-0.09600904583930969
0.09505580365657806
-0.15616311132907867
-0.04625123739242554
-0.08483000099658966
0.005472583696246147
0.1274702101945877
0.08094144612550735
-0.14074699580669403
