-0.12830087885959074
1.059539052832406
-0.16894997446797788
-0.8358019343577325
-0.06544173718430102
0.17590084858238697
0.5551142759795766
0.4594301778706722
-0.7811284135095775
-0.14805052615702152
0.026202289387583733
-0.19175015948712826
0.5924665227066725
-0.44632284063845873
-0.6001701147761196
-0.3188981283456087
-0.20252319006249309
-0.5069732493720949
-0.09793776064179838
0.3603221729863435
0.8329129666090012
-0.3294217218644917
-0.5910880484152585
0.8589962520636618
-0.37727705473662354
0.4685900518670678
-0.19380167365306988
0.5810186564922333
-0.5567989647388458
-0.16493892297148705
-0.45794033678248525
-0.09868977405130863
1.1094412377569824
0.6905680631753057
-0.11298014782369137
0.00987907126545906
0.919878822285682
0.06337790610268712
-0.7326902431668714
-0.24747484643012285
1.2666241806000471
0.5854542306624353
0.8245901628397405
-0.3825207739137113
-0.9049688056111336
0.14069692697376013
-0.6789151015691459
0.9460754310712218
0.0669412100687623
-1.4765455275774002
-0.8481469992548227
-0.20223058946430683
-0.5356039153411984
-0.07899347197962925
-0.6861867103725672
0.022257676115259528
0.015559126622974873
0.5551196159794927
-1.0752565301954746
-0.0223945714533329
0.4701324291527271
-1.678417693823576
0.8271489143371582
-0.9434306593611836
-0.7299464958487079
-0.7188643631525338
0.8672793484292924
-0.15504548139870167
1.1099666338413954
0.1114119915291667
0.9937048116698861
0.0954807847738266
0.021780497394502163
