0.5838927736881487
1.0
0.0
0.6446671138299126
0.21224603418217378
0.34724522682410675
0.2504266398262764
0.5680267383300301
0.36924986427616585
0.3445169239730878
0.5945626052514573
0.1950216566050785
0.5359655683352618
0.41959749597620716
0.10113609096109598
0.26824797333624656
0.22102334100221235
0.28104250690240556
0.2252376743307334
0.24437865278077955
0.42604634342213465
0.2511912804006375
0.17040959945201997
0.5072494377168552
0.3122925735518866
0.5553390022981708
0.21177989702175365
0.26557331443221693
0.1780880795781858
0.40710285673715635
0.42519770827144443
0.5170270514632236
0.6915719357921715
0.2752123551209805
0.44154699515732365
0.16508679403617663
0.5649300802470588
0.364803347980731
0.27453228994109147
0.29858075445919163
0.17079157853209123
0.4257091111657999
0.3529858585824209
0.13275938455721353
0.24597397867215262
0.15603587643379957
0.19372705313748786
0.4133088933856213
0.39904025600644044
0.34095930967241406
0.13152817853693038
0.3086302284434632
0.34297134284640224
0.19332379131419092
0.29504840569232393
0.33061547797313334
0.4582750755446597
0.3139710426572193
0.1962746646943687
0.7447233582499471
0.31325074415691667
0.15970633081104316
0.1926096138874038
0.31137904134511113
0.24287136232704798
0.14290821890781
0.3606516482588286
0.23028908280007723
0.6470327647373779
0.3600756758082001
0.468154345820091
0.037631047605182294
0.6017460288125358
