0.1879386156797409
0.009246074594557285
-0.20014119148254395
0.015690671280026436
-0.029849255457520485
0.20825931429862976
-0.012802425771951675
0.17909780144691467
0.11806552112102509
-0.07471811771392822
-0.058911219239234924
-0.11167231947183609
-0.024898888543248177
-0.034133728593587875
0.027425194159150124
-0.06350628286600113
-0.08124183118343353
-0.10372509062290192
0.04101021587848663
0.1381525993347168
0.016024859622120857
-0.005009807180613279
0.008797978982329369
-0.010885206051170826
0.03195458650588989
0.15956935286521912
-0.03272874653339386
-0.134843111038208
0.15482467412948608
0.12072740495204926
0.07225192338228226
-0.07287630438804626
0.11309187114238739
-0.05840818211436272
0.005360423121601343
-0.04184502363204956
0.10910871624946594
0.05815727263689041
-0.09119576215744019
0.03282971307635307
0.07708751410245895
0.09792618453502655
-0.14633552730083466
-0.1491394191980362
-0.04102516919374466
-0.1326061189174652
0.04099590703845024
0.027776794508099556
-0.08723154664039612
0.07258276641368866
0.18403133749961853
0.10207551717758179
0.1991424262523651
0.22993026673793793
0.14416560530662537
-0.03998054563999176
0.2050124555826187
-0.08591252565383911
-0.12534382939338684
0.08623220771551132
-0.11602035164833069
0.010299296118319035
-0.030465705320239067
0.07050302624702454
0.023660020902752876
-8.192862733267248E-4
-0.013845500536262989
0.03757097199559212
-0.12053123861551285
-0.21376410126686096
0.0027648548129945993
3.9743719389662147E-4
-0.10691974312067032
