0.018815670162439346
-0.07454151660203934
-0.1353791505098343
-0.03664853051304817
0.05207575485110283
0.05003054067492485
0.2894173264503479
0.004101915284991264
0.04049737751483917
-0.12181852757930756
-0.05312637612223625
-0.017773333936929703
-0.08466847985982895
0.04697611182928085
-0.16522055864334106
0.13047035038471222
-0.15096783638000488
0.004128012340515852
-0.1927119940519333
0.07846499979496002
-0.04953625053167343
-0.002858343068510294
-0.0731375589966774
-0.11164149641990662
0.11806552112102509
0.07485025376081467
-0.01280619204044342
0.12113387137651443
-0.05166728422045708
0.023066222667694092
0.015150787308812141
-0.03303565829992294
0.13665789365768433
0.03334875404834747
0.10116666555404663
0.020061222836375237
0.0937071293592453
-0.004150299821048975
-0.13224858045578003
-0.0330660305917263
0.04610750824213028
-0.07154785841703415
-0.009023250080645084
-0.10827918350696564
-0.07938763499259949
-0.024694396182894707
-0.09416033327579498
-0.032321833074092865
-0.08511709421873093
-0.1849287450313568
-0.004109213128685951
-0.10711093991994858
0.012798585928976536
0.042983658611774445
0.12956978380680084
-0.15629996359348297
-0.05867685005068779
0.004419134929776192
-0.015587388537824154
-0.23709070682525635
0.29811930656433105
-0.04332670941948891
0.18737128376960754
-0.12439766526222229
0.06440802663564682
-0.058844681829214096
-0.03601789101958275
-0.07335653901100159
0.13481301069259644
0.1644515097141266
-0.09741213172674179
-0.10859214514493942
0.05641743913292885
