0.181890606880188
0.03497310355305672
0.2737976014614105
0.029048621654510498
0.09279178082942963
0.06054385378956795
0.02032588981091976
0.0651763454079628
0.1345479041337967
0.13232174515724182
0.030932364985346794
-0.12103673070669174
0.10921086370944977
0.17225202918052673
-0.04634476825594902
0.08509267866611481
0.1825459897518158
0.07699248194694519
0.11159949749708176
0.09108586609363556
0.131261944770813
0.08283331245183945
0.06260588765144348
0.07251150161027908
0.11287882179021835
0.09322217106819153
0.03519877418875694
0.003855018876492977
-0.08311564475297928
0.09189919382333755
0.08715014159679413
-0.12353534996509552
0.008063406683504581
0.09209389984607697
0.08484283089637756
0.1373274326324463
0.017145326361060143
-0.023582791909575462
-0.0883583128452301
0.08540356904268265
0.04245050251483917
0.03150978684425354
0.09754294902086258
-0.13837634027004242
-0.1662951111793518
0.010451138019561768
0.1635967195034027
-0.08055747300386429
0.1352643370628357
-0.0513443723320961
0.09857076406478882
-0.19295401871204376
-0.14000600576400757
-0.017551302909851074
-0.14838828146457672
0.07480574399232864
-0.13750432431697845
0.0972113311290741
-0.1244674026966095
0.040194567292928696
0.1461128145456314
0.05039690434932709
-0.022977709770202637
0.1513735055923462
0.1788342297077179
-0.0834057629108429
-0.05534408614039421
0.12240862846374512
0.14950621128082275
0.1529702991247177
0.16857926547527313
0.05541825667023659
-0.015889793634414673
