0.23145650327205658
0.005463992245495319
-0.014768504537642002
-0.1267523318529129
0.05171073600649834
-0.03367917239665985
-0.033837415277957916
0.015139628201723099
-0.018112927675247192
0.02704877406358719
-8.596618426963687E-4
-0.051045648753643036
-0.006709517911076546
0.021378586068749428
0.009685119614005089
0.006017231848090887
-0.003708335803821683
0.015482950024306774
0.006897498853504658
-1.319326984230429E-4
0.016123659908771515
0.0017945197178050876
-0.048008788377046585
-0.009367034770548344
-0.014207636006176472
0.005181946791708469
0.01530670840293169
0.008484197780489922
0.014897188171744347
0.01624068059027195
-0.016093166545033455
0.006221074145287275
0.13122005760669708
-0.009030019864439964
0.04090389981865883
0.006499771028757095
-0.001302881515584886
0.007233521435409784
-0.0024032096844166517
0.025597939267754555
0.022557150572538376
-0.05746087431907654
0.013131598941981792
0.11586985737085342
0.05855666473507881
-0.022386981174349785
0.012835009023547173
0.0799265131354332
0.014892716892063618
0.041998490691185
-0.1430865377187729
0.035258661955595016
0.15091396868228912
-0.014720520935952663
0.0698237195611
0.10508232563734055
0.005751485005021095
-0.024722259491682053
0.035347748547792435
-0.005088974721729755
0.0857551246881485
0.05192013829946518
0.07948584854602814
-0.0484558567404747
0.11667939275503159
0.010373544879257679
0.12500394880771637
0.10761629790067673
0.1378096491098404
-0.04810762405395508
0.13647110760211945
-0.08890385180711746
-0.009552344679832458
