-0.07228623330593109
0.037955787032842636
0.00360357784666121
-0.037986528128385544
-0.1403239220380783
0.013032432645559311
0.02283451147377491
0.0811159610748291
0.03406922519207001
0.06588289141654968
0.10785873979330063
-0.09211333841085434
-0.02340085431933403
0.12006708234548569
-0.02235875092446804
0.11221868544816971
-0.04806690290570259
-0.14746296405792236
-0.0135715426877141
0.0855095237493515
-0.003526336746290326
0.08473961055278778
-0.12826521694660187
-0.19061076641082764
-0.10698025673627853
-0.1679237335920334
0.06786798685789108
0.06870816648006439
-0.013293471187353134
-0.006327999755740166
-0.14236903190612793
0.15933483839035034
-0.003473017131909728
-0.08251610398292542
-0.11842866241931915
0.09245672821998596
0.19598419964313507
0.1356787532567978
0.14722278714179993
0.29318997263908386
0.05625701695680618
-0.05668257176876068
0.05716540664434433
-0.10172097384929657
0.04017800837755203
0.0832836702466011
0.020802313461899757
-0.037117909640073776
-0.016499735414981842
-0.06147748976945877
-0.14842279255390167
-0.04787091538310051
-0.002437327988445759
-0.08199472725391388
-0.1494407206773758
-0.0035409771371632814
0.12051017582416534
0.18326903879642487
-0.01391313411295414
-0.28170132637023926
0.1805587261915207
0.058408189564943314
-0.07855399698019028
0.009719080291688442
-0.00515935430303216
-0.001197062898427248
-0.06514634191989899
-0.1336689591407776
0.037508174777030945
0.05643488094210625
0.09097889065742493
-0.15478596091270447
0.15468525886535645
