-0.24366242485120893
1.851718319754582
-2.0045388226862997
0.4961279300041497
-1.7209832502994686
-0.9444321328774095
-1.9130919054150581
-0.36197729560080916
-1.238845286425203
-1.0376385673880577
0.41014477238059044
-1.5100201212335378
0.02862341608852148
-0.8620864674448967
-1.790441693738103
-1.1846268847584724
-1.3700196030549705
-1.3404605835676193
-1.3298205758910626
-1.6058802483603358
-0.48174409312196076
-1.1863122582435608
-1.8100417703390121
-0.49466025456786156
-1.0984281266573817
-0.5066943988204002
-1.525788938626647
-1.3681420208886266
-1.7177976667881012
-1.0444632079452276
-0.873055421281606
-0.351471871137619
0.020006960490718484
-1.5612088739871979
-0.7628092840313911
-1.660663055256009
-0.6619579344987869
-1.0333170983940363
-0.8875808604061604
-1.3368072099983692
-1.8188987262547016
-0.7287207334302366
-1.073767667170614
-1.9852428971789777
-1.203755721449852
-1.4738526502624154
-1.6485035098157823
-0.9583014538511634
-0.8947948273271322
-0.7937450744211674
-1.8994912505149841
-1.3468420840799809
-1.2220315411686897
-1.73974503390491
-1.54641079204157
-1.0345773913431913
-0.7270911200903356
-0.9708880707621574
-1.828762540128082
0.6062652841210365
-1.47091132204514
-1.3876428380608559
-1.671747649088502
-1.1767291510477662
-1.6113495440222323
-1.832709959242493
-1.2249843226745725
-1.8467925861477852
-0.08739291876554489
-0.600632038898766
-0.5474273413419724
-1.564300712198019
0.01433221623301506
