0.45662836600168083
1.0
0.0
0.6484699179338469
0.07353129262727275
0.2749056016367929
0.023713905451169866
0.42594709491955823
0.19855873402063592
0.25073542027496293
0.6261728681138925
0.1282379994866598
0.527237205319741
0.2962593813228619
0.05551941196864285
0.21261858523491783
0.1645427667797329
0.17220797643653532
0.17496713052910237
0.10337966572260955
0.3948893119198117
0.2121815361941421
0.050436743495838925
0.39153990834821134
0.23497154431340134
0.38841922842256676
0.1241488485792781
0.16502965914634396
0.07435737434166564
0.2489656626304169
0.2934149253046187
0.42867134905385085
0.5250027963372662
0.11496379321283767
0.3220038220451594
0.08917345361793709
0.3481564736468025
0.2518560584571164
0.2896482057659522
0.17315536491046307
0.04813996825795027
0.33084362430470937
0.24136646523694702
0.0050037963741982935
0.2076581181330607
0.13761690489550127
0.09232665242991522
0.27130902587396005
0.2877774884733793
0.31398158980102153
0.027240811048410522
0.17055313333955185
0.20291885437450602
0.06866600929360847
0.11880121416248451
0.25152924079361455
0.331266213691181
0.268045079397863
0.04558209581608895
0.6770306051620781
0.13837964661853214
0.15997273051012603
0.08629900997399569
0.214666616115376
0.1019613744987949
0.04455845580231324
0.20215314259834222
0.040906565799879835
0.49715198782290376
0.3640594317055599
0.3778564103798391
0.11416202141790385
0.5235312284287756
