0.03291204944252968
-0.10354536026716232
-0.08041680604219437
0.04643082618713379
-0.002719123149290681
-0.056711893528699875
-0.03603114187717438
-0.001549632870592177
-0.1904076486825943
0.21815088391304016
0.12489573657512665
-0.04230055585503578
-0.19651484489440918
-0.1857101172208786
-0.10143610090017319
-0.04684198647737503
0.07207041233778
0.18770082294940948
-0.0017290560062974691
0.04633164405822754
-0.21996283531188965
0.038360241800546646
-0.046207722276449203
0.06039872020483017
0.017230136319994926
-0.1619807481765747
-0.06854280829429626
0.07870808988809586
-0.1496129184961319
0.09820853918790817
0.025499925017356873
-0.014008522033691406
0.049655359238386154
0.0922660157084465
0.048420924693346024
-0.11319267749786377
0.007924243807792664
0.07713670283555984
0.2195623517036438
-0.15031753480434418
-0.177459716796875
0.09101592004299164
0.007734047714620829
0.005613079760223627
0.051787443459033966
0.07403984665870667
-0.006780983414500952
0.04805717617273331
-0.03239307180047035
-0.1627551168203354
-0.1467297226190567
0.04090297222137451
-0.0154596958309412
-0.11204855889081955
0.18843001127243042
0.337031751871109
-0.08070830255746841
0.1751098334789276
-0.09823457896709442
0.0814773291349411
-0.047771621495485306
-0.12981638312339783
0.23928821086883545
0.04267442971467972
0.07438014447689056
-0.15572182834148407
-0.012149748392403126
-0.12823490798473358
-0.07039502263069153
-0.03522009775042534
-0.24370761215686798
-0.08062273263931274
0.018422463908791542
