0.0406857468187809
-0.02270861156284809
-0.12089046835899353
-0.007666464429348707
-0.05759997293353081
-0.028915155678987503
-0.10133988410234451
-0.08084972202777863
-0.181382417678833
-0.07773249596357346
-0.04722008854150772
-0.005720264278352261
-0.03527074679732323
-0.05562442168593407
-0.04748709499835968
-0.049519479274749756
-0.03769417852163315
-0.052540142089128494
-0.05097868666052818
-0.02440628595650196
-0.028377259150147438
-0.04332663491368294
-0.09494414925575256
-0.06450004130601883
0.001370929880067706
-0.03873560577630997
-0.03851957991719246
-0.04928269609808922
-0.08854730427265167
-0.04665869474411011
-0.026428982615470886
-0.04638352990150452
-0.150736466050148
-0.07889949530363083
-0.05687421187758446
-0.025732245296239853
-0.12400460988283157
-0.10846596211194992
-0.07193341106176376
0.0708773136138916
0.08573601394891739
-0.06974747776985168
-0.04504092037677765
-0.20810607075691223
0.07540607452392578
-0.031637921929359436
-0.08882809430360794
-0.04916602373123169
-0.019461626186966896
0.052999477833509445
-0.06688203662633896
-0.07249169051647186
0.004239452071487904
0.1287108212709427
0.020174693316221237
-0.09924938529729843
-0.004638853948563337
0.12383151799440384
-0.06549928337335587
-0.016749264672398567
0.0013419670285657048
0.0430607907474041
0.041046448051929474
0.08321513235569
-0.08475504070520401
0.04717118665575981
-0.15139374136924744
-0.0596085786819458
-0.0342629998922348
0.047653112560510635
-0.039958689361810684
0.05107666179537773
-0.014473947696387768
