0.18062476813793182
0.04451034963130951
0.271691232919693
0.03574318438768387
0.10677634179592133
0.07191157341003418
0.04019702598452568
0.07086227834224701
0.13925062119960785
0.1384604126214981
0.03723593056201935
-0.13036340475082397
0.11697538197040558
0.1766623854637146
-0.04970705509185791
0.13382479548454285
0.18137860298156738
0.08437158912420273
0.11946401000022888
0.09905088692903519
0.1396050751209259
0.09075479209423065
0.058222416788339615
0.08310484141111374
0.120293989777565
0.09647807478904724
0.039823759347200394
0.014137741178274155
-0.08283114433288574
0.09938106685876846
0.09521875530481339
-0.1324896663427353
0.012410085648298264
0.09971761703491211
0.08143661916255951
0.14470112323760986
0.022552207112312317
-0.030984805896878242
-0.09241969883441925
0.09367236495018005
0.04662741720676422
0.03132810816168785
0.09714668244123459
-0.13890382647514343
-0.16677047312259674
0.00996845867484808
0.16315653920173645
-0.08102860301733017
0.13482607901096344
-0.05152318626642227
0.09828245639801025
-0.19321376085281372
-0.14050991833209991
-0.017712073400616646
-0.14859969913959503
0.07452131062746048
-0.13603092730045319
0.09834083914756775
-0.13191156089305878
0.047006092965602875
0.15262028574943542
0.055793240666389465
-0.020184995606541634
0.15897832810878754
0.18406878411769867
-0.07786453515291214
-0.05018360912799835
0.107005774974823
0.1546046882867813
0.1589161455631256
0.17388123273849487
0.059612683951854706
-0.02141386643052101
