-0.727745771408081
-0.0513487309217453
0.948753833770752
0.46176615357398987
0.9901683330535889
-0.8973773121833801
0.45103463530540466
-0.8461470603942871
0.5117473602294922
0.8839190006256104
0.9437667727470398
-0.5167670845985413
0.5601248145103455
0.1738024801015854
0.7784827947616577
0.773635745048523
0.26796889305114746
0.8178847432136536
0.5999419689178467
0.031651031225919724
-0.15396620333194733
0.21032147109508514
0.6289864778518677
0.07646320760250092
0.9021157026290894
0.9525303840637207
0.4767102301120758
0.5846832990646362
0.5733886957168579
-0.14766187965869904
0.5197424292564392
0.24444201588630676
-0.10356812179088593
-0.06958812475204468
0.7483662366867065
0.2799009382724762
0.654085099697113
0.41221362352371216
0.7231765389442444
-0.8715170621871948
-0.9665891528129578
-0.8680144548416138
0.0538720041513443
-0.8585147261619568
-0.8646588921546936
-0.9130246043205261
0.07177209109067917
-0.8310513496398926
-0.043601784855127335
-0.9748691916465759
-0.6505336761474609
-0.8196721076965332
-0.5753320455551147
-0.9491999745368958
-0.38657498359680176
-0.8429540991783142
-0.9618526101112366
-0.7566913962364197
-0.5554254055023193
-0.6420538425445557
-0.5854487419128418
-0.6909893155097961
-0.5769929885864258
-0.03125198557972908
-0.8163067698478699
-0.6525418758392334
-0.28660643100738525
-0.25923165678977966
-0.7946484684944153
-0.6636673212051392
-0.23911608755588531
0.10204938799142838
0.028472865000367165
