0.03051043301820755
-0.04438789188861847
0.05200643464922905
0.16007643938064575
0.04645949602127075
0.3040519952774048
-0.0713706836104393
0.012391379103064537
-0.1274404674768448
-0.0895044356584549
-0.013095824979245663
0.11893121153116226
-3.761601692531258E-4
0.2041250616312027
0.11520963907241821
-0.05478573217988014
-0.06248648464679718
0.028589393943548203
0.13953939080238342
0.06022200360894203
0.10588357597589493
-0.11223211884498596
-0.012909067794680595
-0.18836289644241333
0.09818412363529205
0.028052857145667076
0.1119476780295372
0.18453557789325714
0.04174377769231796
-0.23414118587970734
0.05921867862343788
0.05956384912133217
0.0693175196647644
-0.19627031683921814
-0.06890982389450073
0.1432493031024933
-0.030439849942922592
0.028496677055954933
-0.23263686895370483
-0.17968522012233734
-0.17919105291366577
-0.00835714302957058
0.05984586104750633
-0.06858604401350021
0.05085008963942528
0.07533814758062363
0.22539854049682617
0.15046249330043793
-0.184242382645607
-0.04483461380004883
0.08149803429841995
0.12261451035737991
-0.09200572222471237
-0.14770980179309845
0.08908919990062714
-0.18002614378929138
0.09148810803890228
-0.11770942062139511
0.09418506175279617
0.1300891935825348
-0.06117647886276245
0.00978248193860054
-0.002433350309729576
0.07619746774435043
0.09084783494472504
0.10173613578081131
0.08768463134765625
0.06847739964723587
0.026374444365501404
-0.15188896656036377
0.11157453060150146
0.03777682036161423
0.17284615337848663
