-0.3335038241930306
1.819149888760876
-2.084816822782159
0.8852875269949436
-1.7508839005604386
-0.5732974139973521
-1.5214981976896524
0.07533608982339501
-1.0993169099092484
0.6042719853576273
-0.2745535592548549
-1.3776649599894881
-0.08139239973388612
-0.8067343030124903
-0.7306535076349974
-0.7413842249661684
-1.1821551923640072
-0.6709501724690199
-1.0157824950292706
-1.5340166089590639
-1.1220133230090141
-0.550046045333147
-1.1477333642542362
-1.0463963858783245
-0.6374280366580933
0.6008349638432264
-1.0543042663484812
-0.6539001846686006
-1.086112329736352
-0.5717114210128784
-0.57165144267492
-0.32969959545880556
-0.3646197784692049
-1.2156655425205827
-0.9573272372363135
-1.319303471595049
-1.5173395546153188
-1.5724766291677952
0.2904264684766531
-1.9026403483003378
-1.9891718458384275
-1.7204945334233344
-1.143468381720595
-0.21791838109493256
-0.9196050688624382
-1.3396036997437477
-1.7347714132629335
-1.287984403083101
-0.5751647874712944
-0.08837833255529404
-2.1800057142972946
-0.9289076961576939
-1.2799645024351776
-1.5633818932110444
-1.2382248327485286
-0.7568083293735981
-1.7819583527743816
-1.6590347569435835
-1.066111926920712
-0.5584135735407472
-1.89796619489789
0.04352280590683222
-1.453666128218174
-1.6991907693445683
-1.6694789491593838
-1.2401820544619113
-1.2058201180770993
-0.652097538113594
-1.7290573008358479
0.15365669317543507
-0.5009152060374618
-0.5798906031996012
-1.1845656223595142
