0.27368486366353434
0.5669521125877378
0.8491764782434598
0.27768434717746265
1.0
0.31848876805833337
0.5480978217150592
0.3857886707262703
0.6249753779888727
0.5988205018232036
0.8248669407813307
0.6641660050811679
0.4886050815356724
0.5514432532091577
0.6986541707706849
0.6257620999679434
0.6920711058379581
0.791904888351447
0.6220802965811666
0.4535559760438365
0.6223394916804328
0.5425573037446553
0.4783225776035433
0.7602309017072096
0.7294513916567946
0.7406836283477164
0.7070962520560109
0.6706448801259974
0.6154573668412171
0.4114982063965816
0.5406188050383405
0.6403675408078804
0.6245468514571506
0.5440404042230456
0.5172349734421274
0.5930447860682725
0.7622364650573248
0.7312066558255381
0.429884645582218
0.0
0.5291313852254759
0.5617846961193904
0.8139855020889193
0.3079932891623823
0.2007338687936049
0.6333027761900409
0.6507263425387602
0.6019108495260399
0.6208527605311931
0.21936998370732091
0.5931265998822242
0.6361366228477403
0.5018057820821991
0.42578546302771453
0.5335640030398153
0.5348735401173041
0.3395015244117806
0.495137503621581
0.4195362824602044
0.2425583908316035
0.2996853957096547
0.14190224278720684
0.5381698899332615
0.5057059278606434
0.348929276049703
0.33768838046690997
0.5485843426213343
0.45575824662232955
0.4689210651783129
0.4229396581722565
0.43320288911771077
0.5093381404545877
0.5677631652235904
