-0.11339553445577621
-0.12559843063354492
-0.0900132954120636
-0.031327687203884125
0.0350438617169857
-0.12249838560819626
0.1500856876373291
-0.028482917696237564
-0.016606412827968597
-0.06540422886610031
-0.03929673880338669
0.1095404177904129
-0.11786411702632904
0.03430164232850075
-0.1205243170261383
-0.07828106731176376
0.032783392816782
0.027460135519504547
-0.13236618041992188
0.07027483731508255
0.14495757222175598
-0.04397589713335037
0.1443808674812317
-0.07876157015562057
-0.16217026114463806
0.05392168089747429
-0.1612994521856308
0.04535982757806778
-0.12286122888326645
-0.09427818655967712
0.0024932273663580418
0.007246765308082104
0.06740570068359375
-0.03582410514354706
-0.05950727313756943
-0.16892431676387787
0.06440877169370651
-0.03815004229545593
-0.14766457676887512
-0.04338773339986801
0.29544803500175476
0.054452601820230484
-0.03679513558745384
0.03212751820683479
0.007937156595289707
0.16981446743011475
-0.16994503140449524
-0.01199743989855051
-0.08128247410058975
0.06716105341911316
-0.1321718543767929
-0.023687945678830147
0.0364653654396534
-0.11406353116035461
-0.14847199618816376
0.1394413560628891
0.03207947313785553
0.18074330687522888
0.01929774321615696
-0.041439417749643326
-0.10072881728410721
-0.06510718166828156
0.17796553671360016
0.12450684607028961
0.027871407568454742
-0.09630956500768661
-0.08948708325624466
0.11755659431219101
0.06011418625712395
0.1443069875240326
0.04904065653681755
0.049916863441467285
-0.06506218761205673
