0.029063630849123
0.18143753707408905
-0.015561763197183609
0.1654624491930008
0.1662486344575882
0.11144168674945831
0.15923058986663818
0.19156435132026672
0.022629333660006523
0.15592637658119202
0.19962851703166962
0.09540609270334244
0.19744007289409637
0.1776116043329239
0.20089983940124512
0.21189557015895844
0.19932052493095398
0.18718485534191132
0.19617509841918945
0.1774309277534485
0.2011534869670868
0.19394426047801971
0.17322063446044922
0.20748552680015564
0.17861132323741913
0.2022169679403305
0.20758454501628876
0.17865194380283356
0.17797623574733734
0.18846070766448975
0.1985350400209427
0.19181954860687256
0.1521582305431366
0.18931743502616882
0.18598423898220062
0.1938665211200714
-0.05509815365076065
0.14745095372200012
0.15771840512752533
-0.19566906988620758
-0.16202770173549652
-0.07701214402914047
0.0010997239733114839
0.12494318932294846
0.21522948145866394
0.1387830525636673
0.16760918498039246
0.15075352787971497
0.18544960021972656
0.07430524379014969
-0.08908846974372864
0.06991428881883621
0.18238405883312225
-0.07894134521484375
0.09587796777486801
0.10002116858959198
0.024950392544269562
-0.22377438843250275
0.00580542953684926
-0.12084561586380005
0.09500529617071152
0.09926614165306091
0.08827561140060425
-0.10935159027576447
-0.2458094209432602
0.16661444306373596
0.011896390467882156
0.11882394552230835
-0.11563368886709213
0.11237654834985733
0.01252520177513361
0.013694108463823795
0.11183846741914749
