-0.7376129031181335
-0.9422430992126465
-0.61847984790802
-0.9606157541275024
0.11988815665245056
-0.8656042218208313
-0.9469380378723145
-0.8523349761962891
-0.8672550916671753
-0.6581713557243347
-0.23476910591125488
-0.05317797139286995
-0.9019913673400879
-0.8589993119239807
0.9411454200744629
-0.686295747756958
-0.5821810364723206
-0.7513399124145508
-0.9710160493850708
-0.9838914275169373
-0.7563747763633728
-0.9785844683647156
-0.46028900146484375
0.5326405167579651
-0.6270872950553894
-0.14728142321109772
-0.9164571166038513
-0.9157421588897705
-0.8452263474464417
-0.9124763011932373
-0.8675476312637329
-0.35623079538345337
-0.22809502482414246
-0.7863039374351501
0.09318573027849197
-0.9200363755226135
0.027584904804825783
0.042026739567518234
-0.0941847562789917
-0.8613932728767395
-0.7135726809501648
0.061156973242759705
0.09514389932155609
-0.05672614648938179
-0.2460642158985138
0.02844921126961708
-0.10845056176185608
0.026204736903309822
-0.18853656947612762
-0.1371879130601883
-0.07548696547746658
0.08967621624469757
-0.2397676259279251
-0.022279750555753708
-0.13425858318805695
-0.0029417392797768116
-0.8051022291183472
-0.2960066795349121
0.9008917808532715
-0.4660716652870178
-0.8197216987609863
-0.44708380103111267
-0.8449454307556152
-0.9146825075149536
-0.8675171136856079
-0.6673008799552917
-0.4099898040294647
-0.8361919522285461
-0.8257932662963867
-0.48935264348983765
-0.7022064924240112
-0.5520711541175842
-0.33831432461738586
