-0.10060181468725204
0.9355269074440002
0.41770482063293457
-0.12472254782915115
0.5740563869476318
0.23172760009765625
-0.0554787814617157
0.11149043589830399
0.2038550227880478
0.19264857470989227
0.13441169261932373
0.17848126590251923
0.18834130465984344
-0.32041019201278687
0.04721061885356903
0.06743798404932022
0.4120432138442993
0.23887749016284943
0.1640653759241104
-0.21141144633293152
0.20189332962036133
0.09855622798204422
0.18805551528930664
0.07565312832593918
0.2540416717529297
0.2856355607509613
0.3193786144256592
0.1264456957578659
0.24160553514957428
0.020562712103128433
-0.3177603781223297
-0.11346308141946793
-0.03907445818185806
0.43841129541397095
-0.04522090405225754
0.27529454231262207
-0.2884933352470398
-0.23351699113845825
-0.6691449880599976
0.045646704733371735
0.9618021249771118
0.2795332372188568
0.5434648394584656
0.3094559907913208
0.01161014661192894
0.12158956378698349
-0.12530361115932465
0.12539741396903992
0.19438765943050385
0.04965110123157501
0.1780535727739334
0.1990896761417389
0.0786619558930397
0.10014471411705017
-0.20790204405784607
0.09266842156648636
-0.3656468987464905
-0.1987440437078476
-0.6280683279037476
-0.26338016986846924
-0.22969874739646912
-0.4454953074455261
0.47633853554725647
-0.05659068375825882
-0.24318546056747437
-0.2713901698589325
0.1475377380847931
-0.09334243834018707
0.3121095895767212
-0.43523383140563965
0.31152546405792236
0.11816441267728806
0.07947919517755508
