0.065104179084301
0.22443759441375732
0.8528707027435303
-0.8399298787117004
0.8399723768234253
0.3058168888092041
0.8345791101455688
0.8537664413452148
0.84848952293396
-0.014872705563902855
0.7938888072967529
0.7814064025878906
-0.023896392434835434
0.8500134348869324
-0.8163298964500427
0.6809296011924744
0.8275286555290222
0.819261372089386
0.8317877650260925
0.8100365400314331
0.790507435798645
0.732388436794281
-0.8356476426124573
0.8434950113296509
0.7450002431869507
0.12301518023014069
0.8249785304069519
0.8607004284858704
0.7668097615242004
0.7472248673439026
0.7444292306900024
0.8420975804328918
0.8251444697380066
0.7971022129058838
-0.7937312722206116
0.8295633792877197
0.7401083707809448
0.8017396330833435
-0.037941161543130875
-0.7930431962013245
0.7606105804443359
0.8571746349334717
0.8578620553016663
-0.6395168900489807
-0.6106566190719604
0.6924111843109131
0.8255197405815125
0.7928723096847534
0.8083003163337708
-0.8219109177589417
0.695152759552002
0.8485170602798462
0.8308291435241699
0.6734950542449951
0.8709698915481567
0.8040532469749451
0.8168448209762573
0.8266803622245789
-0.36005735397338867
-0.1180301308631897
0.7640613317489624
-0.6817243099212646
0.8423360586166382
0.8566563725471497
0.7191164493560791
0.6956191062927246
0.7263221740722656
0.6065855622291565
0.7168199419975281
0.8390482664108276
-0.02570156566798687
0.053745340555906296
0.452790230512619
