0.005274530500173569
-0.06791487336158752
0.013277467340230942
-0.045327864587306976
0.02737964689731598
-0.007870844565331936
0.07907143980264664
-0.032662320882081985
0.005385559517890215
0.0018333715852349997
0.1138036772608757
0.009176232852041721
0.0038128013256937265
0.006036302074790001
0.032128576189279556
-0.1610887050628662
-0.034653253853321075
0.05292615294456482
-0.06853140890598297
0.0027452001813799143
-0.07561548054218292
0.19710327684879303
-0.08537030220031738
0.11040308326482773
-0.0038840442430227995
-0.11509952694177628
-0.11245953291654587
0.10272683948278427
0.05541243031620979
0.13895811140537262
-0.07169553637504578
-0.068191297352314
0.03429466113448143
-0.011622712947428226
0.1250561773777008
-0.22450044751167297
0.05158591270446777
-0.09761980921030045
0.017535923048853874
-0.02243107371032238
0.04865302890539169
-0.06178247183561325
0.030168868601322174
-0.01062696985900402
-0.14327087998390198
0.08446439355611801
0.03455554321408272
0.0036540294531732798
0.09403722733259201
-0.16265814006328583
-0.21799476444721222
0.139338880777359
0.02433163858950138
0.08696820586919785
7.493734010495245E-4
-0.04126035049557686
-0.09287890046834946
0.06339321285486221
-0.10412703454494476
0.011294248513877392
-0.2732129991054535
0.012745161540806293
-0.03938271105289459
0.10498347133398056
0.06925341486930847
-0.08202038705348969
-0.03943302854895592
-0.08770397305488586
-0.059508662670850754
0.007817307487130165
-0.14971187710762024
0.12352929264307022
-0.017947105690836906
