-0.23066921578720212
1.919138603087049
-1.8238783103879541
0.5487827956676483
-1.5364073163364083
-0.9583871634677052
-1.8493215832859278
-0.2874170566210523
-1.0673264018259943
-0.9459070330485702
0.48076519928872585
-1.4671344275120646
0.09035083372145891
-0.7922930829226971
-1.7139989957213402
-1.1544861905276775
-1.3182402164675295
-1.2901308638975024
-1.256338770268485
-1.5629172651097178
-0.41891438816674054
-1.117181058973074
-1.7431360743939877
-0.415367653593421
-1.1023955838754773
-0.4413694031536579
-1.4470386486500502
-1.295411229133606
-1.59109665453434
-0.9948508959350875
-0.8387178224511445
-0.28485698997974396
0.22810025629587471
-1.4844336716923863
-0.6686771847307682
-1.6128913704305887
-0.5309126717038453
-0.9648429825901985
-0.8089812723919749
-1.4002783386968076
-1.8721304200589657
-0.6299891150556505
-0.9832151881419122
-1.7745501331519336
-1.2373621352016926
-1.4315786678344011
-1.5504174237139523
-0.9127465295605361
-0.8518571741878986
-0.8430667971260846
-1.9492009431123734
-1.2291223853826523
-1.0817036079242826
-1.9976433645933867
-1.5644162946846336
-0.9293159206863493
-0.6895403750240803
-1.0947927369270474
-1.7604447482153773
0.6533156782388687
-1.4101533852517605
-1.3463180735707283
-1.659321067854762
-1.179912538267672
-1.4720148839987814
-1.8774275195319206
-1.008074072189629
-1.6678435429930687
-0.14021578431129456
-0.5119999656453729
-0.5314274076372385
-1.689793586730957
-0.049353075213730335
