0.4511290552771329
1.0
0.04436423973539131
0.650132221112389
0.11775892864675534
0.2653341977422198
0.0378682761847213
0.43664067136858026
0.23752074290679423
0.26852052021871087
0.6327665375129
0.13544510301028978
0.5330892083205183
0.3077399486662037
0.07241770698817428
0.21526783492751747
0.17345952716592178
0.18063617187118575
0.18926368647573993
0.11099063033654608
0.4030678729256885
0.22479226898139873
0.06497867185344534
0.4039733955211727
0.22856717277221475
0.39733484638190686
0.1405757891265546
0.17928803320028835
0.1037961044075702
0.25602458266324296
0.29588717260883723
0.43729428616318283
0.5682582383331827
0.1310284047301538
0.33930052548971673
0.09823165990284943
0.37447340827045233
0.2636859520201541
0.303479259762154
0.15251424021703858
0.03204491482295891
0.34917803973338785
0.25899531422021704
0.05695829721498936
0.19410864216216292
0.1445229020736673
0.11418198525466731
0.27698678251302794
0.2925325432612824
0.29477682878300626
0.012367913731409837
0.1962123461433983
0.23385007494086643
0.0
0.11060791064796369
0.27275642420803764
0.333973910307798
0.23050826804153668
0.060559566076250376
0.6768206820565467
0.14999302595583197
0.16629092361972367
0.08637761803702927
0.20877619256656874
0.13419906569522136
0.030692503706725174
0.2526485519411723
0.08420173099286128
0.47422286857138557
0.37930204213736957
0.37434199019876985
0.07859762948325201
0.4974211752035452
