0.07524348050355911
-7.405689102597535E-4
-0.17861060798168182
0.05330556258559227
0.16164618730545044
0.049106795340776443
-0.16860772669315338
0.021628065034747124
-0.06797891110181808
-0.1352313756942749
0.16875840723514557
0.05461668595671654
0.051790837198495865
-0.009741575457155704
0.027183905243873596
0.008166991174221039
0.006979208905249834
0.05469939485192299
0.01874438486993313
0.048594068735837936
0.15535178780555725
-0.033307746052742004
-0.047392867505550385
0.12975487112998962
0.09107933938503265
-0.07192221283912659
0.016182975843548775
0.009148101322352886
0.05054176598787308
-0.05990149825811386
0.006316609214991331
0.07239484786987305
0.03274731710553169
0.037883028388023376
0.07662230730056763
0.023580217733979225
0.10070722550153732
-0.10669680684804916
0.011019451543688774
-0.031032297760248184
0.07534001767635345
0.10015419125556946
-0.04031429439783096
0.03294115513563156
0.15785132348537445
0.11198893189430237
0.023352527990937233
0.05023176223039627
0.10485228896141052
-0.1866658329963684
-0.05709027498960495
0.11910780519247055
0.08881825953722
0.03627501428127289
-0.14919227361679077
0.06861834228038788
0.1374775767326355
0.01709827035665512
-0.005059243645519018
0.030438663437962532
0.12066952139139175
-0.11492229998111725
0.1148315891623497
-0.12439874559640884
-0.0919596254825592
0.025162620469927788
0.127320796251297
0.06808960437774658
0.11868004500865936
-0.05939218029379845
0.1508662849664688
0.05076310783624649
-0.014897816814482212
