0.052994903177022934
0.049172233790159225
0.05969652161002159
0.04436754435300827
0.12484606355428696
-0.04337026923894882
-0.03057023324072361
-0.005516291595995426
-0.014098204672336578
0.011787899769842625
0.019814779981970787
0.04102208837866783
0.02314911223948002
0.011446341872215271
0.02848096750676632
0.021446790546178818
0.014878739602863789
-0.0062912842258811
0.01969391480088234
0.015345921739935875
0.03215058892965317
0.022365354001522064
-0.030820466578006744
0.011811507865786552
-0.00625436007976532
0.023255545645952225
0.03591995686292648
0.022448480129241943
0.03532890975475311
-1.3405234494712204E-4
0.004333827644586563
0.02259877324104309
0.056502632796764374
-0.0036433993373066187
0.040793538093566895
0.01941690966486931
0.00431637791916728
-0.03711984306573868
0.008329869247972965
0.004864300135523081
0.032570309937000275
0.030158238485455513
0.04638390988111496
0.0033217675518244505
0.042570676654577255
0.011697155423462391
0.010191594250500202
-0.002647277433425188
0.024279676377773285
0.004799227695912123
-0.11553724110126495
0.04631507769227028
0.145411878824234
-0.12806092202663422
0.003139077452942729
0.0070474701933562756
0.031246626749634743
-0.0031738041434437037
0.0043678865768015385
0.028745463117957115
0.060119569301605225
0.08311927318572998
0.051816876977682114
0.07863549143075943
0.05369139090180397
0.0018809449393302202
0.06430141627788544
0.0943027138710022
-0.08833514899015427
0.13485200703144073
-0.024775220081210136
-0.07539547979831696
-0.07601693272590637
