-0.014169914647936821
0.009166154079139233
0.16531284153461456
0.04527219384908676
0.031041186302900314
0.08051073551177979
-0.023442242294549942
0.1589905172586441
0.04553689807653427
0.12266436964273453
0.07983142137527466
-0.10277380049228668
0.06512244790792465
0.10827339440584183
0.10769569128751755
0.08641074597835541
0.05119564011693001
-0.019351618364453316
0.06644921004772186
0.05275818333029747
0.001722021377645433
0.0586070716381073
0.14285098016262054
0.05406981334090233
0.057493794709444046
0.03841680660843849
0.15379685163497925
-0.009546004235744476
0.03246384486556053
0.0816296637058258
0.07863542437553406
-0.06438612192869186
0.039556246250867844
0.05355660989880562
0.05045407637953758
0.050543274730443954
0.08045194298028946
0.056401077657938004
-0.06276286393404007
0.06379108130931854
-0.026007147505879402
0.02255050092935562
0.019874775782227516
-0.16079193353652954
0.03328094631433487
-0.12922504544258118
0.02196546457707882
0.01043231226503849
-0.13865898549556732
0.05570895969867706
0.06935954838991165
-0.09605512022972107
0.06065617501735687
0.0551455095410347
0.027510572224855423
0.05390644818544388
0.04530782252550125
0.0900300070643425
0.06565424054861069
0.18282578885555267
0.03910072147846222
-0.03947163373231888
0.07866181433200836
0.08731559664011002
-0.03177008405327797
0.27630484104156494
0.026663940399885178
0.10121136903762817
0.04510631784796715
0.057803571224212646
0.089689239859581
-0.02914060652256012
0.08573182672262192
