0.0020760144107043743
-0.06527251750230789
0.01780814304947853
-0.044749535620212555
0.028153585270047188
-0.008782544173300266
0.020895348861813545
-0.027761416509747505
0.013574850745499134
-0.053275495767593384
0.10665396600961685
0.002985380357131362
0.0034094182774424553
-0.0026099970564246178
0.033152755349874496
-0.1611444652080536
-0.03036315366625786
-0.10939887911081314
-0.06856049597263336
0.006462316028773785
-0.06398415565490723
-0.1618390828371048
-0.09825299680233002
-0.1226203590631485
-0.009581263177096844
-0.11014056205749512
-0.11424829065799713
0.09587235748767853
0.05784882977604866
0.13676141202449799
-0.06608162075281143
-0.0676308423280716
0.02713409624993801
0.029117658734321594
0.1376638412475586
-0.22694309055805206
0.042207807302474976
-0.09897616505622864
0.013095399364829063
-0.023719429969787598
0.054728712886571884
0.006003136280924082
0.1601613312959671
0.04025954753160477
-0.14514712989330292
0.06391196697950363
-0.07624358683824539
0.0035087810829281807
0.09500391781330109
-0.1651768535375595
-0.21656902134418488
0.14309582114219666
0.027685584500432014
-0.02567606046795845
0.00328340707346797
-0.04321742802858353
0.07787758857011795
0.06339093297719955
0.03080914355814457
0.039965443313121796
-0.2605874240398407
0.09026425331830978
-0.04967030882835388
0.10716189444065094
0.07276057451963425
-0.08515998721122742
-0.04100088030099869
-0.0835958942770958
-0.06860008090734482
0.008496063761413097
-0.13985055685043335
0.11479645222425461
-0.017652777954936028
