-0.248564297799021
1.8298341587069444
-2.011378619587049
0.5523977279663086
-1.6071356295142323
-0.9628562005236745
-1.891555206850171
-0.20046017842832953
-1.1673505189828575
-0.9733131309039891
0.5073899147100747
-1.432564743096009
0.007561288308352232
-0.8453637473285198
-1.5728441197425127
-1.172191427089274
-1.4579268507659435
-1.4087257366627455
-1.3227924664970487
-1.6210714685730636
-0.5757980447961017
-1.1653995094820857
-1.6551140621304512
-0.45640169316902757
-1.177429899573326
-0.5187302599661052
-1.355431417003274
-1.3311846181750298
-1.4988803518936038
-1.0023415656760335
-0.8683687504380941
-0.22461533825844526
0.23212379054166377
-1.5254396847449243
-0.709351209923625
-1.7222946654073894
-0.4792937654419802
-0.8677499182522297
-0.7891490289475769
-1.4220145400613546
-1.9340547379106283
-0.6395759503357112
-1.0553273889236152
-1.8351053758524358
-1.014351449906826
-1.6051353756338358
-1.7078722123987973
-0.7340615810826421
-1.1318080965429544
-0.6921299435198307
-1.9770208597183228
-1.1264622323215008
-0.8902866141870618
-1.8102082693949342
-1.327459939289838
-0.866639754967764
-0.5141137018799782
-1.1282402221113443
-1.5686680676881224
0.7282195836305618
-1.5511044189333916
-1.4575533382594585
-1.5555522963404655
-1.399041005410254
-1.654016735497862
-1.522012414643541
-0.9270403841510415
-1.7061538770794868
-0.23900429531931877
-0.8126808786764741
-0.4674094133079052
-1.7722051590681076
0.12268786877393723
