0.5263479709494318
0.929683469166913
0.5125454182721995
0.2861133373971983
0.5476920279630836
0.6296408069813518
0.7584041467119306
0.7259142527855053
0.30467793619729355
0.5196419042313495
0.5788101004658117
0.5048035300440015
0.7710872420021821
0.4183624225805793
0.36612300436593326
0.46162996094717335
0.5011455071585125
0.3977683491107391
0.5366578814744679
0.6922617584882127
0.8527317326936386
0.4580566353485543
0.3692068540183727
0.8615884099725535
0.44180717781528994
0.7290245223120424
0.504106930724393
0.7672000761476458
0.380849840820767
0.5139073858324318
0.4144176582480517
0.5364025325043765
0.9466279429816844
0.8043979875371103
0.5315501825610741
0.5732674906089249
0.8822613147454051
0.5914332203738705
0.3211252983768843
0.48588200385894487
1.0
0.768706191971914
0.8499056934982232
0.44002665332678365
0.26262746717780194
0.6176871835322738
0.3393848491373467
0.8911564713858067
0.5926431535829771
0.06854645022175936
0.2819215243692405
0.5012448607876502
0.38804669923616575
0.5430904856512343
0.33691574713014877
0.5774706922534595
0.5751961746819239
0.7584059599289047
0.20480563243133737
0.5623088543331306
0.7295482422968257
0.0
0.8507745271537441
0.2495676006665397
0.3220569480562969
0.32581992772474155
0.8644009663703301
0.5172667409773298
0.9468063431901758
0.6077433740065349
0.907329205978243
0.6023338730776363
0.57730866443141
