0.23057855665683746
-0.009248577058315277
-0.021351873874664307
0.03907432407140732
0.13198280334472656
-0.05593838542699814
-0.016163917258381844
-0.007460843771696091
-0.01617392711341381
0.0023889834992587566
0.007429562974721193
0.04414550960063934
-0.004479940515011549
0.029487289488315582
0.012707732617855072
0.010330027900636196
0.004581536632031202
-0.017082087695598602
0.009064222685992718
0.006695197429507971
0.015451842918992043
0.0097338343039155
-0.02464500442147255
0.0027935481630265713
-0.014830647967755795
0.007289801258593798
0.017864849418401718
0.011358452029526234
0.015075021423399448
0.013214350678026676
-0.005158980842679739
0.012369458563625813
0.03423420339822769
0.0030307010747492313
0.02756640501320362
0.006793993059545755
7.598233059979975E-4
-0.030284665524959564
-0.00315841450355947
0.015551267191767693
0.04321456700563431
0.028174912557005882
0.05067126452922821
-0.03608044236898422
0.06475892663002014
-0.023727143183350563
-0.007005722261965275
0.08361293375492096
0.017010169103741646
0.04738246276974678
-0.11548873782157898
0.05072952061891556
0.13481828570365906
-0.014609997160732746
0.06301527470350266
0.08930311352014542
0.026999814435839653
-0.025209801271557808
-0.0029706123750656843
-0.030614661052823067
0.03466843441128731
0.06841516494750977
0.05839499086141586
-0.06743399053812027
0.08841663599014282
0.003699355060234666
0.0697026476264
0.08682453632354736
-0.07637600600719452
-0.06328315287828445
0.12425123155117035
-0.06807449460029602
-0.013263988308608532
