0.23065322637557983
-0.006921666208654642
-0.02110857516527176
-0.11499326676130295
0.14835521578788757
-0.0491752065718174
-0.014648264274001122
6.964819622226059E-4
-0.018148349598050117
0.005159894935786724
0.009108844213187695
0.03716250881552696
-0.0026255317497998476
0.030255744233727455
0.015529369935393333
0.012396350502967834
0.006463214755058289
-0.01547310221940279
0.01084123644977808
0.00917925126850605
0.018968144431710243
0.01240156777203083
-0.027292553335428238
0.0068288506008684635
-0.011661718599498272
0.009970118291676044
0.020487265661358833
0.014535521157085896
0.017852678894996643
0.015560152009129524
-0.00405905582010746
0.013949010521173477
0.03825460746884346
0.0029446666594594717
0.031024126335978508
0.01044235099107027
0.003735402598977089
0.016481254249811172
-6.876318948343396E-4
0.015128779225051403
0.04112096503376961
0.03267461806535721
0.05095617100596428
-0.028630167245864868
0.06288135051727295
-0.017558595165610313
-0.0026215333491563797
0.08403652161359787
0.01913878694176674
0.048880428075790405
-0.11950794607400894
0.03691346198320389
0.14025984704494476
-0.018623828887939453
0.06853610277175903
0.09326205402612686
0.024741604924201965
-0.030294150114059448
0.003375648520886898
-0.029341381043195724
0.06726168096065521
0.07362432032823563
0.06553476303815842
-0.06515537202358246
0.09247853606939316
0.004005393013358116
0.07948101311922073
0.09458955377340317
-0.0792451873421669
-0.06209477409720421
0.12919571995735168
-0.06875037401914597
-0.01203177124261856
