-0.04683927446603775
-0.10221654921770096
0.019663652405142784
0.05147990956902504
-0.1286480873823166
0.019776584580540657
0.16618312895298004
-0.13527314364910126
-0.0364031121134758
0.007795779965817928
0.06472121179103851
-0.07448700815439224
0.16850945353507996
0.01835205964744091
0.041642945259809494
0.042050354182720184
0.15000467002391815
0.00858055055141449
0.029966678470373154
0.008772463537752628
-0.054375067353248596
0.13387425243854523
0.05758225545287132
0.0971093475818634
-0.19320255517959595
-0.1005752831697464
0.014212783426046371
0.11278508603572845
-0.11628439277410507
-0.10206282138824463
-0.05564035102725029
0.20192930102348328
-0.025603266432881355
-0.023524504154920578
0.10239452868700027
-0.012698751874268055
-0.1757119596004486
-0.07955949753522873
0.013601048849523067
-0.14032727479934692
0.11524833738803864
0.08769044280052185
-0.01577107235789299
0.03557869419455528
-0.03183470293879509
0.033852946013212204
-0.03459692373871803
-0.008170977234840393
-0.10235022753477097
0.09409679472446442
0.12294743955135345
0.03087441250681877
-0.11793144047260284
0.04942881688475609
0.10603944212198257
-0.09765353053808212
0.013972656801342964
0.08119168877601624
-0.08475259691476822
0.06591878831386566
0.026614585891366005
0.050729960203170776
0.08863922953605652
-0.0412333644926548
-0.201828271150589
0.09619618952274323
-0.15952728688716888
-0.046971987932920456
-0.083473339676857
0.0043395524844527245
0.1184469535946846
0.08625800907611847
-0.1358179897069931
