5.177187849767506E-4
0.4012247622013092
-0.535402238368988
-0.4725992679595947
-0.5013036727905273
0.4130236804485321
-0.5152235627174377
0.05306239053606987
-0.5113321542739868
-0.49841490387916565
0.10905703157186508
-0.5093786716461182
0.5205212831497192
-0.5010642409324646
-0.4786743223667145
-0.48146316409111023
-0.515653669834137
-0.39185723662376404
-0.03025747835636139
-0.5344573855400085
0.5383406281471252
-0.5164919495582581
-0.42640721797943115
0.09125891327857971
-0.5226327776908875
0.2693459987640381
-0.5106884837150574
-0.34901708364486694
-0.4832575023174286
-0.513298511505127
-0.5198231339454651
-0.24099749326705933
0.5611406564712524
-0.5166451334953308
-0.31657618284225464
-0.3650546371936798
0.028697330504655838
0.5197795629501343
0.18887434899806976
-0.5112580060958862
0.023589614778757095
0.6335220336914062
0.5708699226379395
-0.5242234468460083
-0.5776122212409973
-0.5450319647789001
-0.5230527520179749
0.5305944681167603
-0.5436084866523743
-0.509427011013031
-0.5267311930656433
-0.46410492062568665
-0.4902484118938446
-0.5098381638526917
-0.6203520894050598
-0.5016613602638245
0.43760812282562256
-0.17337749898433685
-0.32231229543685913
0.44356492161750793
-0.1195920780301094
-0.5733920335769653
-0.2977619767189026
-0.4535081386566162
-0.6670074462890625
-0.36699944734573364
0.4970381259918213
-0.35639673471450806
0.1682979166507721
0.5184742212295532
0.4700262248516083
0.4323665499687195
-0.05845673754811287
